220 -1 -1 -1 -1
0 436 469 490 524
1 443.68951416015625 472.7225341796875 498.36798095703125 526.1070556640625
2 443.68896484375 472.7295837402344 498.37060546875 526.1071166992188
3 449.9294128417969 474.18951416015625 502.5890808105469 527.7274169921875
4 452.6054382324219 473.8207092285156 504.5187072753906 527.3662719726562
5 459.5610656738281 477.5216064453125 511.1741638183594 530.5570678710938
6 461.9923400878906 478.3265380859375 513.4993896484375 531.2556762695312
7 466.48370361328125 475.32037353515625 516.844482421875 529.05419921875
8 468.3863525390625 473.5883483886719 518.3270263671875 527.6495971679688
9 473.11480712890625 469.3607177734375 523.2379150390625 522.2249145507812
10 475.1349792480469 467.14556884765625 525.2901611328125 519.5691528320312
11 479.9968566894531 461.3178405761719 529.9098510742188 515.0442504882812
12 481.99420166015625 458.60113525390625 531.805908203125 512.8411865234375
13 485.7601318359375 456.3892822265625 534.7671508789062 507.4554748535156
14 487.34332275390625 454.947509765625 536.0429077148438 504.8379821777344
15 491.0322570800781 451.2354736328125 539.3203735351562 502.7882385253906
16 492.8714904785156 448.86444091796875 540.917724609375 501.0468444824219
17 495.8899841308594 445.2948913574219 543.8768920898438 495.98699951171875
18 497.20574951171875 443.3741455078125 545.1760864257812 493.54180908203125
19 500.0323181152344 441.26904296875 547.3931274414062 488.937255859375
20 501.28985595703125 439.9986267089844 548.407470703125 486.7825622558594
21 504.40435791015625 437.4653015136719 551.9838256835938 485.3809814453125
22 505.8179626464844 436.05206298828125 553.5554809570312 484.4183044433594
23 508.490234375 433.3730773925781 555.8384399414062 481.0586242675781
24 509.8192443847656 431.8614196777344 556.9938354492188 479.3304443359375
25 511.2197570800781 428.6375732421875 558.3021850585938 477.28228759765625
26 512.9509887695312 426.1761779785156 559.833984375 475.20062255859375
27 513.2980346679688 425.1151123046875 561.1058959960938 472.6834716796875
28 514.487548828125 423.7730407714844 562.4995727539062 470.75140380859375
29 515.83642578125 423.3157043457031 562.2465209960938 469.8143615722656
30 517.6801147460938 421.8929138183594 563.2838134765625 468.1576232910156
31 520.0862426757812 420.22216796875 564.1698608398438 466.28271484375
32 521.3099365234375 419.1672668457031 564.8114624023438 465.1896057128906
33 521.9387817382812 416.8428955078125 567.2467041015625 464.7478332519531
34 523.55322265625 414.61724853515625 569.3482666015625 463.1435241699219
35 524.431640625 411.56927490234375 570.4083251953125 461.5881042480469
36 525.1339111328125 409.9490661621094 571.1469116210938 460.55712890625
37 525.8628540039062 408.7080078125 572.1517333984375 458.55908203125
38 526.523681640625 407.8592224121094 572.8804931640625 457.43524169921875
39 526.6787109375 407.6692810058594 573.0387573242188 455.5361328125
40 527.1455078125 407.2797546386719 573.4681396484375 454.5153503417969
41 527.5404663085938 406.542724609375 573.8204345703125 453.03753662109375
42 528.26220703125 405.9212951660156 574.465576171875 452.1499938964844
43 529.5001831054688 405.29815673828125 575.045654296875 450.54052734375
44 530.7466430664062 404.7080078125 575.9512329101562 449.56719970703125
45 531.259033203125 401.92462158203125 577.3704833984375 448.1609191894531
46 531.8221435546875 400.7870178222656 578.2313232421875 447.5271911621094
47 532.3746948242188 398.13067626953125 579.0123901367188 445.2176818847656
48 533.0888061523438 396.9845275878906 579.750732421875 444.1864318847656
49 534.5248413085938 395.11572265625 580.7721557617188 441.270751953125
50 535.6026000976562 394.3139343261719 581.6248779296875 440.0456848144531
51 536.2013549804688 393.65240478515625 582.00146484375 438.85308837890625
52 536.7565307617188 393.3849182128906 582.4306640625 438.3775329589844
53 537.0877075195312 391.59820556640625 583.677490234375 438.39349365234375
54 538.4949340820312 390.4762268066406 585.2635498046875 437.8273620605469
55 539.67529296875 388.6104431152344 586.6031494140625 435.8828125
56 540.4436645507812 387.90789794921875 587.3782958984375 435.1226501464844
57 541.5626831054688 385.75433349609375 587.9923095703125 432.5929870605469
58 542.2822265625 384.9541931152344 588.4760131835938 431.64935302734375
59 543.7081298828125 382.9626770019531 589.6376953125 429.37286376953125
60 544.5512084960938 382.194580078125 590.3395385742188 428.4710388183594
61 545.432373046875 378.55487060546875 592.1513671875 427.4953308105469
62 546.0404663085938 377.1561584472656 593.0682983398438 427.0566711425781
63 546.9421997070312 375.436767578125 594.6456298828125 425.28924560546875
64 547.5567016601562 374.7540588378906 595.469482421875 424.5455322265625
65 548.5280151367188 373.3337097167969 596.8753051757812 422.92962646484375
66 549.1314697265625 372.7182312011719 597.5980224609375 422.2066345214844
67 550.8167724609375 372.28057861328125 599.0075073242188 420.8943176269531
68 551.6846923828125 372.00677490234375 599.724609375 420.25982666015625
69 553.7749633789062 371.08978271484375 601.9268188476562 420.7303466796875
70 554.777587890625 370.5599060058594 602.9291381835938 420.695556640625
71 555.2266845703125 370.7147521972656 603.4165649414062 420.3460998535156
72 556.5326538085938 369.9966735839844 604.5523071289062 419.3013916015625
73 557.9791259765625 369.21453857421875 606.7096557617188 418.506591796875
74 558.731201171875 368.61431884765625 607.690185546875 417.89111328125
75 560.8758544921875 367.3697204589844 608.64453125 416.3912353515625
76 561.8794555664062 366.5680847167969 609.1510009765625 415.4864501953125
77 562.706298828125 364.6578063964844 610.7793579101562 414.5661315917969
78 563.1795043945312 363.694091796875 611.5172119140625 413.9541015625
79 564.254638671875 362.32159423828125 612.9779052734375 413.588134765625
80 564.8186645507812 361.528564453125 613.64892578125 413.1553955078125
81 566.2426147460938 361.0924377441406 615.59326171875 413.36956787109375
82 567.1708374023438 360.5821838378906 616.64453125 413.0679626464844
83 568.6723022460938 360.44659423828125 618.6437377929688 412.8514709472656
84 569.6803588867188 360.0527648925781 619.7532958984375 412.383056640625
85 570.05029296875 360.1007080078125 621.1720581054688 410.79193115234375
86 571.3187255859375 359.28192138671875 622.6261596679688 409.2135009765625
87 572.984619140625 359.067626953125 624.346435546875 408.966552734375
88 573.7323608398438 358.7295227050781 625.0731201171875 408.6142578125
89 574.4053344726562 358.8511047363281 626.3078002929688 409.10809326171875
90 574.86474609375 358.52252197265625 626.9310913085938 408.9129638671875
91 576.3414916992188 357.48248291015625 628.136962890625 408.1336975097656
92 577.3500366210938 356.6903076171875 628.9367065429688 407.4010314941406
93 578.0718383789062 355.7543640136719 630.7189331054688 406.7886657714844
94 578.4375 355.2400817871094 631.4441528320312 406.3775329589844
95 578.30078125 352.7050476074219 632.3260498046875 405.809326171875
96 579.1390991210938 351.24261474609375 633.3663940429688 404.98028564453125
97 579.3930053710938 349.41546630859375 634.8684692382812 404.33209228515625
98 579.6251831054688 348.6885070800781 635.5177001953125 404.00445556640625
99 579.9137573242188 345.9728698730469 636.2889404296875 403.3701477050781
100 580.1944580078125 344.9599914550781 636.6934204101562 403.10296630859375
101 580.1502075195312 344.0314636230469 638.1566772460938 401.12164306640625
102 580.2800903320312 343.8174743652344 638.8014526367188 400.42620849609375
103 580.5652465820312 342.29290771484375 639.3684692382812 399.39447021484375
104 581.1732177734375 341.76422119140625 639.97021484375 398.9845886230469
105 582.1276245117188 340.3488464355469 640.9686889648438 398.0426330566406
106 582.6310424804688 339.9560852050781 641.4301147460938 397.7746887207031
107 583.1682739257812 338.6626281738281 641.8513793945312 394.68603515625
108 583.5735473632812 338.3229675292969 642.1473388671875 393.5933532714844
109 583.432861328125 334.7847595214844 642.0198364257812 391.9471130371094
110 583.5504760742188 333.56768798828125 642.0877685546875 391.38372802734375
111 582.496337890625 330.9673156738281 642.4683227539062 389.019287109375
112 582.3142700195312 330.0517883300781 642.7673950195312 388.14215087890625
113 582.037109375 328.9023742675781 642.8375854492188 387.35406494140625
114 582.1582641601562 328.54974365234375 643.02392578125 387.08489990234375
115 580.9962158203125 326.87982177734375 643.3870239257812 385.75628662109375
116 580.7874755859375 326.28076171875 643.6966552734375 385.246337890625
117 579.5247802734375 325.26849365234375 642.860595703125 384.7548828125
118 579.277099609375 324.9010009765625 642.7122802734375 384.5465393066406
119 578.7015380859375 323.5329895019531 642.2421875 383.9794006347656
120 578.7457275390625 323.0455627441406 642.2623901367188 383.7502746582031
121 576.94873046875 321.2976989746094 640.567138671875 382.5299072265625
122 576.4962768554688 320.648681640625 640.0969848632812 382.0419616699219
123 574.5325317382812 320.3286437988281 638.4437255859375 381.4450988769531
124 574.0050659179688 320.1913146972656 637.98486328125 381.1668395996094
125 572.0676879882812 314.8294982910156 636.9705810546875 380.7913818359375
126 571.5470581054688 312.8480224609375 636.685302734375 380.53753662109375
127 569.476318359375 309.84185791015625 635.218994140625 378.83056640625
128 568.8744506835938 308.699951171875 634.7423095703125 378.08990478515625
129 566.51513671875 309.21014404296875 633.972900390625 377.92645263671875
130 565.7872314453125 309.3977966308594 633.796875 377.7976379394531
131 564.580810546875 308.8394470214844 632.2958374023438 376.1617431640625
132 564.167236328125 308.6562194824219 631.7313842773438 375.51513671875
133 561.4215698242188 307.24932861328125 632.0838623046875 373.4339599609375
134 560.5383911132812 306.674072265625 632.3099365234375 372.5590515136719
135 558.2337036132812 303.1405944824219 631.394775390625 371.3291015625
136 557.53271484375 301.80975341796875 631.1619873046875 370.81292724609375
137 556.0700073242188 302.046142578125 627.1854248046875 369.8006591796875
138 555.7154541015625 302.17388916015625 625.7647094726562 369.3810729980469
139 553.1398315429688 296.4024658203125 622.0601806640625 367.4493408203125
140 552.35205078125 294.3280944824219 620.7933349609375 366.73974609375
141 549.7828369140625 288.13641357421875 624.73828125 365.9737243652344
142 549.0126953125 285.8757019042969 626.3135986328125 365.7480773925781
143 554.435302734375 285.8153076171875 632.8363647460938 368.82305908203125
144 556.7291870117188 285.99017333984375 635.4930419921875 370.128173828125
145 558.9509887695312 283.9302978515625 639.7298583984375 369.41815185546875
146 559.7920532226562 283.3785705566406 641.3027954101562 369.314453125
147 556.6168212890625 281.1400146484375 642.2259521484375 371.02874755859375
148 555.4749145507812 280.5195617675781 642.5819091796875 371.7709655761719
149 554.3074340820312 278.4236145019531 639.433349609375 367.2912902832031
150 554.1459350585938 277.9162292480469 638.3471069335938 365.6802673339844
151 552.6730346679688 277.27801513671875 636.2977905273438 362.3939208984375
152 553.8055419921875 276.9954833984375 636.7997436523438 360.720947265625
153 552.5474853515625 274.8566589355469 635.060302734375 356.9493103027344
154 552.24267578125 274.3714599609375 634.503173828125 355.7841796875
155 550.7342529296875 275.56622314453125 630.5367431640625 353.0101623535156
156 551.9121704101562 275.9462890625 630.3706665039062 351.568603515625
157 546.2085571289062 277.80975341796875 631.3023681640625 373.5312805175781
158 544.3262329101562 278.67572021484375 631.7518920898438 381.1307373046875
159 543.3223266601562 282.9493713378906 629.7072143554688 376.4038391113281
160 543.14794921875 285.1803894042969 629.0144653320312 374.4141540527344