210 -1 -1 -1 -1
0 457 370 511 434
1 446.3043518066406 369.1768798828125 508.7563171386719 428.4405517578125
2 456.60205078125 393.1619873046875 515.853271484375 449.138427734375
3 456.5989685058594 393.1605224609375 515.8532104492188 449.1386413574219
4 463.85687255859375 403.73583984375 522.750732421875 461.947265625
5 466.6930236816406 406.9979248046875 525.3903198242188 465.9169006347656
6 474.3782958984375 415.77496337890625 532.4675903320312 472.224853515625
7 477.0831604003906 418.0907897949219 534.916015625 473.609619140625
8 486.3204650878906 419.2872619628906 542.6195068359375 474.4237976074219
9 489.724609375 419.1273498535156 545.43408203125 474.1208801269531
10 496.8506164550781 420.46221923828125 551.499267578125 474.6082458496094
11 499.8370361328125 420.0156555175781 554.0051879882812 473.7996826171875
12 506.9162292480469 421.6118469238281 561.5540771484375 477.3016357421875
13 509.80145263671875 421.58453369140625 564.5447998046875 477.9367370605469
14 515.751220703125 417.61676025390625 570.419921875 473.26519775390625
15 518.069091796875 415.651123046875 572.6786499023438 471.0279541015625
16 523.6883544921875 410.8595886230469 577.755126953125 465.3150329589844
17 525.9215087890625 408.6650695800781 579.7565307617188 462.77447509765625
18 531.239501953125 402.619873046875 585.1812744140625 457.5592041015625
19 533.51953125 400.0333251953125 587.4522094726562 455.27386474609375
20 539.1513061523438 395.54034423828125 592.7547607421875 451.04693603515625
21 541.3853149414062 393.5948486328125 594.8300170898438 449.1968078613281
22 545.7328491210938 390.43487548828125 597.5870971679688 444.9111328125
23 547.331787109375 389.0378723144531 598.5831909179688 443.0904541015625
24 551.5645141601562 387.271484375 603.287353515625 439.6268310546875
25 553.2017211914062 386.3839416503906 605.0941162109375 438.12042236328125
26 556.9083251953125 383.7419128417969 608.6892700195312 434.842529296875
27 558.4474487304688 382.44830322265625 610.1751098632812 433.34576416015625
28 561.1233520507812 379.011962890625 612.896240234375 432.22674560546875
29 562.3057250976562 377.46551513671875 614.0770263671875 431.5464782714844
30 565.319091796875 375.8358154296875 617.4368286132812 429.7694091796875
31 566.600341796875 375.0418701171875 618.8161010742188 428.9124755859375
32 569.5 372.735107421875 622.185546875 426.1108703613281
33 570.84814453125 371.62542724609375 623.6705322265625 424.81414794921875
34 571.7412109375 372.43609619140625 624.8233642578125 425.19561767578125
35 573.7124633789062 371.2987365722656 626.5783081054688 423.6781311035156
36 575.240966796875 370.9705505371094 627.4833374023438 424.2208557128906
37 577.43701171875 369.6229553222656 629.1419067382812 423.0146179199219
38 581.2871704101562 367.9897155761719 634.2324829101562 422.15509033203125
39 582.7193603515625 367.32763671875 636.1072387695312 421.7723388671875
40 585.8159790039062 365.34747314453125 640.870849609375 421.6260986328125
41 587.0029907226562 364.56658935546875 642.6610717773438 421.5144348144531
42 588.7758178710938 364.1078796386719 644.0433959960938 421.2825012207031
43 590.248291015625 363.5452880859375 645.190673828125 420.7362976074219
44 591.3036499023438 362.8732604980469 647.236083984375 421.25396728515625
45 593.3387451171875 361.46820068359375 649.32763671875 420.0908203125
46 593.23046875 360.8017272949219 651.2255249023438 422.00201416015625
47 595.1524658203125 358.90582275390625 653.5010375976562 420.7432556152344
48 596.5489501953125 360.7846374511719 656.34912109375 422.7852478027344
49 599.1678466796875 358.7431640625 658.8471069335938 420.11456298828125
50 599.447021484375 360.83734130859375 659.679443359375 421.0823974609375
51 601.795654296875 358.6314392089844 661.5391235351562 417.7329406738281
52 601.5075073242188 358.44677734375 662.590087890625 420.35821533203125
53 603.6901245117188 355.35943603515625 664.6182861328125 417.6369323730469
54 603.4595947265625 356.114990234375 666.7122802734375 419.5616760253906
55 605.7763671875 353.9495544433594 669.3250122070312 417.30047607421875
56 607.0211181640625 354.65692138671875 671.3687133789062 418.0125427246094
57 609.7774658203125 353.4784240722656 673.9273681640625 416.5646667480469
58 612.1373901367188 353.4313659667969 676.6212158203125 416.0423583984375
59 613.196533203125 353.1837158203125 677.7760009765625 415.6552734375
60 614.6475219726562 355.167236328125 678.5863647460938 419.61798095703125
61 617.0393676757812 352.9152526855469 680.0957641601562 417.4913330078125
62 620.0283203125 352.1372375488281 683.7067260742188 417.4310302734375
63 620.9942626953125 351.6671142578125 684.9202270507812 417.24517822265625
64 621.8197021484375 352.84332275390625 688.3709106445312 419.24896240234375
65 624.2799072265625 351.0767517089844 691.2642211914062 417.271728515625
66 627.2060546875 349.5653381347656 694.065673828125 415.8445739746094
67 628.2073974609375 348.90130615234375 695.01318359375 415.2213439941406
68 628.3038940429688 347.6976013183594 695.3162231445312 417.4630432128906
69 630.62158203125 344.9173278808594 697.1201782226562 415.45404052734375
70 631.1008911132812 345.33465576171875 699.5723876953125 418.6891174316406
71 633.4160766601562 342.3804931640625 701.9547729492188 416.0052490234375
72 633.40087890625 346.1537170410156 704.45947265625 419.4458923339844
73 635.4810180664062 344.337158203125 706.7515258789062 416.6216735839844
74 636.8408813476562 345.9273681640625 708.55908203125 419.5740661621094
75 639.630859375 343.81231689453125 710.8258666992188 417.3887939453125
76 639.3281860351562 347.0513000488281 712.0770874023438 423.167236328125
77 641.25244140625 344.6669616699219 713.8564453125 420.9425964355469
78 642.9095458984375 349.0653381347656 715.320556640625 424.63482666015625
79 645.6251831054688 347.68255615234375 717.2494506835938 422.4118347167969
80 645.7578125 351.6484680175781 719.965576171875 426.6451416015625
81 647.7015380859375 349.38134765625 722.08740234375 423.59808349609375
82 648.6995239257812 352.0185546875 723.6072387695312 428.25360107421875
83 651.1340942382812 349.4360656738281 725.4110107421875 425.5467834472656
84 650.2222290039062 351.8122253417969 726.2589111328125 429.2713928222656
85 652.2081909179688 349.3487243652344 728.0397338867188 426.3829345703125
86 650.1598510742188 349.6573791503906 728.649169921875 428.5828552246094
87 651.7009887695312 347.4564208984375 730.4600830078125 426.6921081542969
88 648.5286254882812 348.5644836425781 729.7416381835938 429.88897705078125
89 650.3868408203125 345.7459411621094 731.5528564453125 426.89385986328125
90 646.6988525390625 346.19586181640625 729.9765014648438 429.5350036621094
91 648.5844116210938 343.19775390625 731.6549682617188 426.35748291015625
92 644.2891235351562 344.1821594238281 729.6160888671875 430.4774169921875
93 646.202392578125 341.4745788574219 731.3524169921875 427.9532165527344
94 642.5494995117188 343.6824951171875 727.739013671875 432.290771484375
95 644.6920776367188 341.230224609375 728.7985229492188 429.54180908203125
96 638.5257568359375 342.8809814453125 726.166259765625 434.6075744628906
97 639.6724853515625 340.0436706542969 727.5758666992188 431.9718017578125
98 633.3792114257812 343.7967529296875 725.0049438476562 437.5882873535156
99 634.798583984375 341.52423095703125 726.7244262695312 435.11895751953125
100 630.09375 347.28692626953125 723.9598999023438 442.0671691894531
101 632.0130615234375 344.8945617675781 725.4381713867188 439.04913330078125
102 626.2326049804688 351.28424072265625 722.7180786132812 445.5809326171875
103 627.561279296875 349.2354431152344 724.0140991210938 442.7393493652344
104 623.3268432617188 353.2391662597656 721.201416015625 450.4797668457031
105 625.0424194335938 351.2183532714844 722.2651977539062 449.4488525390625
106 617.7442016601562 357.3653259277344 717.4675903320312 457.9541931152344
107 618.544677734375 354.4374694824219 718.2826538085938 455.0196838378906
108 614.130126953125 362.06494140625 713.993896484375 463.7309875488281
109 615.7890014648438 360.015869140625 715.0235595703125 460.680908203125
110 611.1416625976562 366.2471618652344 710.9700927734375 468.7093200683594
111 612.4942016601562 363.3656311035156 711.667236328125 465.6636657714844
112 606.8746948242188 370.7948913574219 708.8483276367188 472.9521484375
113 607.6344604492188 368.5191650390625 709.769287109375 469.70074462890625
114 602.7326049804688 373.2076110839844 707.3177490234375 476.93499755859375
115 603.5150146484375 370.24334716796875 708.0840454101562 474.0716857910156
116 602.3623046875 369.6254577636719 707.9425048828125 474.4400939941406
117 601.9050903320312 369.2374572753906 707.9183349609375 474.4911193847656
118 598.4343872070312 371.66754150390625 705.591796875 478.0101623535156
119 599.5903930664062 369.8768005371094 706.21630859375 476.22271728515625
120 597.5751953125 371.1401062011719 704.6386108398438 477.8169860839844
121 598.5901489257812 369.63800048828125 705.0778198242188 476.2469177246094
122 597.4263916015625 368.7525939941406 704.5648803710938 475.62286376953125
123 597.056884765625 368.3556213378906 704.4340209960938 475.3423156738281
124 592.8779296875 368.8302001953125 703.5016479492188 476.5888671875
125 592.7119140625 367.456298828125 703.9722290039062 475.3179016113281
126 590.0472412109375 364.13323974609375 701.3225708007812 474.9869689941406
127 589.163330078125 362.7209777832031 700.4200439453125 474.7010192871094
128 583.4401245117188 360.6991271972656 697.4520874023438 475.4158630371094
129 583.150146484375 358.2759094238281 697.4570922851562 473.75384521484375
130 578.2068481445312 358.67156982421875 695.5436401367188 473.7134094238281
131 578.4083251953125 356.59136962890625 695.9727172851562 471.02691650390625
132 572.7681274414062 354.1784362792969 692.7855224609375 468.68670654296875
133 570.818115234375 353.28070068359375 691.7423706054688 467.8235168457031
134 564.1344604492188 348.8816833496094 686.743408203125 466.8233337402344
135 561.8156127929688 347.19024658203125 685.0219116210938 466.4331970214844
136 554.7362060546875 342.37457275390625 680.495361328125 463.79290771484375
137 552.5902709960938 340.34600830078125 679.2194213867188 462.6438903808594
138 540.614990234375 339.7850036621094 668.2147216796875 460.3975830078125
139 539.24560546875 338.0957336425781 666.23486328125 457.609619140625
140 525.5652465820312 334.84735107421875 654.8045654296875 455.64178466796875
141 523.92431640625 332.1824035644531 653.0888671875 452.91259765625
142 513.5062866210938 325.87017822265625 642.4404907226562 448.9231872558594
143 513.1588745117188 322.209716796875 641.1526489257812 445.6044616699219
144 504.3094482421875 318.7808837890625 632.1743774414062 440.7116394042969
145 504.1567687988281 316.61151123046875 631.2265014648438 437.5485534667969
146 493.3268127441406 309.07708740234375 620.824951171875 430.5494079589844
147 491.7394714355469 305.9092712402344 618.8593139648438 427.3179626464844
148 493.59716796875 298.90032958984375 620.6973266601562 421.5909423828125
149 496.62542724609375 296.2118835449219 623.269287109375 419.0760803222656
150 502.34808349609375 290.4194030761719 629.3240356445312 414.66424560546875
151 505.1609802246094 288.3855285644531 632.1768188476562 413.1509094238281
152 505.30511474609375 281.552734375 640.0596313476562 406.4809265136719
153 506.0057678222656 279.1904296875 643.4956665039062 404.1332702636719
154 508.08770751953125 274.09368896484375 644.4261474609375 399.3427734375
155 509.308349609375 272.4221496582031 645.0360107421875 397.6872863769531
156 517.120849609375 269.6610412597656 647.7346801757812 394.8404235839844
157 520.2433471679688 268.9709777832031 648.8187866210938 393.88555908203125
158 523.2296142578125 261.8877258300781 649.770263671875 382.82928466796875
159 524.3872680664062 259.64306640625 650.1466064453125 378.98541259765625
160 525.8323974609375 257.2103271484375 652.7203979492188 377.6036682128906
161 526.2855834960938 256.557861328125 653.6046752929688 377.34423828125
162 528.5146484375 252.7541961669922 655.041748046875 370.7359924316406
163 529.2056884765625 251.5667266845703 655.4605102539062 368.4851379394531
164 534.1539916992188 251.97227478027344 657.974853515625 367.341064453125
165 535.9454345703125 252.4764404296875 658.8594970703125 367.20440673828125
166 539.808837890625 255.7194366455078 660.5838623046875 379.4268798828125
167 541.1911010742188 257.0293884277344 661.1925048828125 384.00299072265625
168 362.06689453125 231.87620544433594 433.5965576171875 308.18212890625
169 362.05126953125 231.8251953125 433.593994140625 308.17877197265625
170 553.6981201171875 291.67474365234375 667.8800048828125 420.67437744140625
171 553.6839599609375 291.67095947265625 667.8839111328125 420.70758056640625
172 516.8349967317936 278.1995462965063 623.4693413135697 396.99043280231524
173 516.8349967317936 278.1995462965063 623.4693413135697 396.99043280231524
174 516.8349967317936 278.1995462965063 623.4693413135697 396.99043280231524
175 516.8349967317936 278.1995462965063 623.4693413135697 396.99043280231524
176 516.8349967317936 278.1995462965063 623.4693413135697 396.99043280231524
177 516.8349967317936 278.1995462965063 623.4693413135697 396.99043280231524
178 516.8349967317936 278.1995462965063 623.4693413135697 396.99043280231524
179 516.8349967317936 278.1995462965063 623.4693413135697 396.99043280231524
180 516.8349967317936 278.1995462965063 623.4693413135697 396.99043280231524
181 516.8349967317936 278.1995462965063 623.4693413135697 396.99043280231524
182 516.8349967317936 278.1995462965063 623.4693413135697 396.99043280231524
183 516.8349967317936 278.1995462965063 623.4693413135697 396.99043280231524
184 516.8349967317936 278.1995462965063 623.4693413135697 396.99043280231524
185 516.8349967317936 278.1995462965063 623.4693413135697 396.99043280231524