192 -1 -1 -1 -1
0 319 430 362 470
1 319 430 362 470
2 81.2257080078125 272.19720458984375 105.2899169921875 296.86407470703125
3 331.5210876464844 430.3902587890625 369.8955993652344 469.774169921875
4 331.6091613769531 431.189208984375 370.3390808105469 471.0556640625
5 332.73114013671875 432.1304931640625 371.46746826171875 472.4917297363281
6 335.47747802734375 435.1500244140625 374.4195251464844 475.8520812988281
7 338.97137451171875 437.5008544921875 377.4318542480469 477.2731018066406
8 340.08978271484375 436.808837890625 379.4072570800781 477.3487243652344
9 340.9894104003906 435.7208251953125 380.57415771484375 476.6647033691406
10 340.9088134765625 434.9849853515625 381.2831726074219 475.4888000488281
11 342.5034484863281 433.7967834472656 382.4677734375 474.3059387207031
12 343.6924743652344 433.0892639160156 383.6063537597656 473.15496826171875
13 344.1624755859375 431.90972900390625 384.6456604003906 472.48028564453125
14 345.335693359375 431.4554748535156 385.4649963378906 472.1174011230469
15 347.115478515625 430.7289123535156 386.3280029296875 471.68914794921875
16 348.27490234375 430.60333251953125 386.98779296875 471.4556884765625
17 349.3009033203125 430.11297607421875 387.94866943359375 471.5259094238281
18 349.7975158691406 430.1441345214844 388.5460510253906 471.3822937011719
19 350.8296203613281 430.00445556640625 389.9539489746094 470.98345947265625
20 352.0240173339844 430.99444580078125 391.08123779296875 470.9704284667969
21 353.07855224609375 430.7431335449219 393.4090576171875 470.93084716796875
22 353.77337646484375 430.93841552734375 394.8215637207031 470.76910400390625
23 354.932373046875 430.86883544921875 395.790771484375 470.449462890625
24 355.8120422363281 431.7441101074219 396.1416015625 470.5408020019531
25 356.5233154296875 431.7403259277344 396.8223571777344 471.4070739746094
26 357.99786376953125 431.6504821777344 397.85943603515625 471.75274658203125
27 358.50213623046875 432.5719299316406 398.36260986328125 472.7088623046875
28 358.8392028808594 432.6596374511719 399.0374755859375 472.8826599121094
29 359.77923583984375 432.3349914550781 400.2005615234375 472.7939453125
30 360.8083190917969 432.06134033203125 401.1615295410156 472.8478698730469
31 362.229736328125 431.72857666015625 402.55169677734375 473.0044860839844
32 363.498291015625 432.4023132324219 403.2874450683594 473.343505859375
33 364.6806945800781 432.5135192871094 404.13299560546875 473.25146484375
34 365.8697814941406 432.60546875 405.15740966796875 472.9842529296875
35 367.0426330566406 432.19390869140625 407.1261291503906 473.0966796875
36 367.6160583496094 431.83892822265625 409.8189697265625 473.59271240234375
37 367.7234191894531 431.2359313964844 411.3417053222656 475.4548034667969
38 368.86083984375 431.167236328125 412.6498107910156 475.7587585449219
39 370.7200622558594 431.7069091796875 414.1050109863281 475.207763671875
40 372.3915100097656 431.3868408203125 415.2848205566406 474.3322448730469
41 373.1951904296875 431.1217346191406 416.411376953125 474.3755798339844
42 374.66552734375 430.77130126953125 417.946533203125 473.864013671875
43 377.13763427734375 430.1675109863281 419.8222961425781 473.4491271972656
44 379.249755859375 429.8125 421.29351806640625 473.3726806640625
45 381.0009765625 428.9176330566406 424.65960693359375 474.0049743652344
46 381.7452392578125 427.6378479003906 427.2121276855469 473.7673645019531
47 383.3296813964844 425.4203186035156 430.6312255859375 474.1189880371094
48 386.3882751464844 423.3952941894531 432.6490478515625 473.3306884765625
49 387.8225402832031 421.9369812011719 434.67620849609375 472.94378662109375
50 387.8531188964844 422.7124938964844 436.0296630859375 472.496337890625
51 389.6374816894531 423.23382568359375 437.7818603515625 472.13360595703125
52 392.917724609375 423.1934814453125 439.7161865234375 471.73553466796875
53 395.68121337890625 424.5785217285156 442.1038818359375 472.5921936035156
54 397.3171081542969 423.0057678222656 445.041748046875 471.5466003417969
55 399.0841979980469 422.2604675292969 447.6445007324219 470.8211975097656
56 401.9033203125 421.1673889160156 449.8974914550781 470.2406005859375
57 403.24969482421875 419.42742919921875 451.38226318359375 469.43634033203125
58 405.2255554199219 418.67596435546875 454.3728332519531 469.0251770019531
59 406.896484375 418.26837158203125 457.10479736328125 469.36700439453125
60 409.1130676269531 418.35498046875 459.63433837890625 470.4674987792969
61 411.2605895996094 416.84149169921875 461.6097717285156 467.18084716796875
62 413.5731201171875 415.25299072265625 464.13531494140625 466.2222595214844
63 415.958984375 412.5175476074219 467.0113525390625 465.2073974609375
64 417.0466003417969 409.9399108886719 468.7525329589844 464.9902038574219
65 418.255615234375 408.4222412109375 472.20770263671875 465.438232421875
66 420.317626953125 409.0577697753906 474.9981384277344 466.1642761230469
67 422.36651611328125 408.6234436035156 476.4552307128906 464.90216064453125
68 425.3484802246094 407.8717956542969 479.3909606933594 464.2004699707031
69 427.1905822753906 406.9664001464844 482.1244201660156 464.07281494140625
70 429.2159118652344 406.13690185546875 484.5401916503906 463.78509521484375
71 430.8524169921875 404.5880432128906 487.2194519042969 463.6031494140625
72 433.0072937011719 403.1752624511719 490.2441101074219 463.37628173828125
73 435.8939514160156 402.0193786621094 493.3465576171875 462.4870910644531
74 438.5150451660156 401.2023620605469 496.53515625 461.7496032714844
75 440.261474609375 400.22021484375 499.5289306640625 461.0110168457031
76 441.98724365234375 398.3716125488281 501.6947021484375 459.7619934082031
77 443.7679443359375 395.6948547363281 505.2796325683594 458.8464660644531
78 447.4029846191406 393.4813232421875 509.0829772949219 457.1845397949219
79 449.5399169921875 392.12286376953125 512.0949096679688 457.1558837890625
80 452.23876953125 390.66119384765625 515.2662353515625 455.79034423828125
81 455.5568542480469 389.2796630859375 519.2160034179688 456.1419982910156
82 456.9392395019531 388.1161193847656 522.3063354492188 457.200927734375
83 458.99761962890625 386.5909729003906 526.3326416015625 456.847412109375
84 462.1876525878906 383.9073791503906 529.3323364257812 456.1453552246094
85 464.5531311035156 382.6133117675781 532.4696044921875 455.32794189453125
86 466.1539306640625 379.6070251464844 535.5316162109375 454.23382568359375
87 469.0716552734375 378.58233642578125 539.510498046875 454.4024353027344
88 472.26898193359375 378.3714599609375 542.9110107421875 453.6653747558594
89 474.0045471191406 377.4564208984375 547.2237548828125 452.8986511230469
90 475.5570983886719 375.4441223144531 549.90966796875 451.5547790527344
91 477.6765441894531 373.5648498535156 554.2462158203125 451.264892578125
92 479.7137756347656 371.13983154296875 558.5188598632812 450.6802062988281
93 484.411865234375 370.29132080078125 562.5631713867188 450.0914001464844
94 486.5531005859375 368.62408447265625 566.9032592773438 451.7393493652344
95 488.3418273925781 369.3349304199219 570.6492919921875 453.1888122558594
96 490.2862548828125 367.2744445800781 576.9283447265625 453.86212158203125
97 492.2426452636719 365.96142578125 583.6375122070312 454.7818298339844
98 494.0950622558594 366.67230224609375 584.8967895507812 455.4105224609375
99 495.97235107421875 366.4981384277344 592.2465209960938 455.82733154296875
100 494.06261993283636 366.7268919360184 586.7776865414781 455.24306219999244
101 499.5589294433594 367.3893737792969 602.1340942382812 456.4736022949219
102 502.4364318847656 368.2587890625 600.3285522460938 457.207275390625
103 507.67218017578125 368.06976318359375 600.2743530273438 457.7403564453125
104 510.0422058105469 367.4228820800781 601.7504272460938 457.89227294921875
105 512.3590698242188 367.3528747558594 602.6533813476562 456.29058837890625
106 514.4908447265625 366.62579345703125 608.2952880859375 456.89422607421875
107 518.6995239257812 366.0892333984375 611.0260620117188 456.3879699707031
108 521.0143432617188 366.4496154785156 612.5651245117188 456.76226806640625
109 522.4404296875 366.29290771484375 614.47412109375 457.7065734863281
110 524.5618896484375 366.4921569824219 616.83056640625 460.0099182128906
111 522.4394686499226 366.44745879754305 614.598830021399 458.60728203243525
112 525.427490234375 363.87310791015625 622.0968627929688 461.1714782714844
113 529.2647705078125 362.353515625 629.8782348632812 462.8788146972656
114 526.5991249749807 363.7568994894248 624.1130406352326 461.3840974246127
115 531.8626708984375 361.70318603515625 630.9284057617188 463.08551025390625
116 532.7348022460938 360.1465148925781 632.4581909179688 463.5922546386719
117 532.65966796875 358.99072265625 632.8578491210938 464.7687683105469
118 532.479248046875 359.0195617675781 633.1790771484375 466.28948974609375
119 531.6796264648438 357.1343078613281 633.6220703125 468.13201904296875
120 530.2393188476562 354.3836669921875 633.1614379882812 468.9521789550781
121 531.0771294246579 356.3796682751033 633.0615778520275 467.7754240533875
122 531.0771294246579 356.3796682751033 633.0615778520275 467.7754240533875
123 524.7950439453125 355.7130432128906 632.9859008789062 468.6581115722656
124 521.2011108398438 354.2746887207031 633.5478515625 467.0347595214844
125 518.0811767578125 351.82025146484375 633.7492065429688 467.27569580078125
126 516.2197875976562 348.99786376953125 634.2103271484375 468.4811706542969
127 512.2639770507812 348.7005920410156 634.770751953125 467.57373046875
128 510.0586853027344 347.0162048339844 634.2455444335938 469.4873962402344
129 507.4445495605469 345.28375244140625 635.320068359375 470.7734069824219
130 504.11322021484375 344.1968994140625 632.9899291992188 471.31951904296875
131 499.8421325683594 343.0599670410156 632.0027465820312 471.6283264160156
132 504.21270751953125 342.9788513183594 634.072509765625 471.6062927246094
133 504.9464416503906 341.7124938964844 636.13671875 471.28289794921875
134 507.9474792480469 344.2156982421875 639.6459350585938 471.5658874511719
135 510.5481872558594 345.89532470703125 644.727783203125 472.08929443359375
136 510.14984130859375 344.087158203125 647.4291381835938 471.3252258300781
137 515.4074096679688 340.2137145996094 649.8740844726562 471.3109130859375
138 519.9481201171875 342.13128662109375 653.9782104492188 472.34161376953125
139 525.6657104492188 340.7127380371094 659.3795166015625 467.54632568359375
140 535.6403198242188 342.6944274902344 665.7725219726562 467.523681640625
141 528.2714972048273 342.0788483219186 660.3583733006128 468.6195851382911
142 528.2714972048273 342.0788483219186 660.3583733006128 468.6195851382911
143 528.2714972048273 342.0788483219186 660.3583733006128 468.6195851382911
144 528.2714972048273 342.0788483219186 660.3583733006128 468.6195851382911
145 528.2714972048273 342.0788483219186 660.3583733006128 468.6195851382911