117 -1 -1 -1 -1
0 395 401 450 462
1 401.96929931640625 404.890625 458.95721435546875 467.7735595703125
2 404.9161071777344 404.8071594238281 460.2280578613281 463.2251281738281
3 407.9180603027344 396.67645263671875 463.6712341308594 454.4596862792969
4 413.0647888183594 391.7302551269531 467.2871398925781 448.79473876953125
5 417.55804443359375 388.3544616699219 472.5235900878906 443.8947448730469
6 421.4837646484375 384.2159118652344 477.02899169921875 439.35443115234375
7 424.7952575683594 379.8511962890625 480.17633056640625 435.72283935546875
8 428.0520324707031 376.93572998046875 482.0508117675781 431.7364501953125
9 430.4266052246094 373.44097900390625 484.4087829589844 427.6108703613281
10 432.4607849121094 370.4873046875 487.03228759765625 423.19158935546875
11 435.6535949707031 366.2022399902344 489.1083984375 419.7793273925781
12 438.6990051269531 362.6261901855469 491.9970703125 417.3519287109375
13 441.6083068847656 359.68939208984375 495.4649658203125 413.79608154296875
14 444.9519958496094 357.2328796386719 498.70819091796875 410.9389343261719
15 446.7710266113281 355.244873046875 500.50372314453125 407.6099548339844
16 448.8388366699219 351.81390380859375 501.3702697753906 405.0698547363281
17 451.43927001953125 348.97021484375 504.5569763183594 402.60693359375
18 453.60595703125 346.0926208496094 507.2425231933594 400.714111328125
19 455.43792724609375 344.2193603515625 509.5692443847656 399.0284423828125
20 457.6955261230469 342.5513610839844 512.15478515625 397.7920227050781
21 459.762451171875 341.0813293457031 514.8743286132812 396.25469970703125
22 461.7714538574219 339.83734130859375 516.7254638671875 393.90472412109375
23 463.7212219238281 338.14544677734375 518.559326171875 391.1202087402344
24 465.6347961425781 336.274169921875 518.7979125976562 389.5845031738281
25 468.17926025390625 335.17047119140625 521.671142578125 388.7714538574219
26 470.59674072265625 334.1513366699219 524.2722778320312 388.3638916015625
27 473.1694030761719 333.418701171875 526.8876342773438 388.44293212890625
28 476.0690612792969 331.6713562011719 531.0137939453125 387.1749572753906
29 478.57159423828125 330.2600402832031 532.99755859375 385.1842041015625
30 480.8309631347656 328.9423828125 534.4457397460938 384.8258972167969
31 483.1834716796875 327.33123779296875 536.8679809570312 384.3841247558594
32 485.65972900390625 326.8541259765625 540.684326171875 385.6683654785156
33 488.8356018066406 326.2571105957031 544.72705078125 385.0425720214844
34 491.7641296386719 326.6653137207031 548.7172241210938 385.132080078125
35 494.616943359375 327.3614807128906 549.6044921875 384.0771179199219
36 497.443603515625 327.90606689453125 551.8568115234375 384.151123046875
37 500.17987060546875 326.8280334472656 556.2495727539062 384.75799560546875
38 503.1000061035156 326.1941833496094 560.9527587890625 384.33795166015625
39 506.57574462890625 325.9993591308594 565.4443359375 384.45159912109375
40 509.221923828125 326.31048583984375 567.8751220703125 385.0730895996094
41 512.2009887695312 326.3664855957031 570.609375 386.518798828125
42 515.7306518554688 326.26837158203125 574.3927612304688 387.85858154296875
43 520.5594482421875 326.1485595703125 580.0383911132812 388.4764099121094
44 523.2601318359375 326.5793762207031 582.9716796875 388.8354187011719
45 527.40576171875 326.798095703125 587.0428466796875 389.16241455078125
46 531.3064575195312 327.1150207519531 592.3609008789062 390.33502197265625
47 535.9735107421875 329.045166015625 597.2825927734375 390.90234375
48 540.3665161132812 331.1656188964844 602.7051391601562 392.9035949707031
49 544.4042358398438 333.24346923828125 608.2349853515625 396.0004577636719
50 548.936767578125 334.6623840332031 613.7153930664062 398.1554870605469
51 553.4342041015625 335.50152587890625 617.9945068359375 400.7460632324219
52 556.7415161132812 335.701171875 624.928955078125 401.6649475097656
53 561.8599243164062 336.8708801269531 630.4768676757812 403.2424011230469
54 565.5586547851562 337.62664794921875 635.1631469726562 406.6021728515625
55 568.4747314453125 338.36724853515625 636.573486328125 407.230712890625
56 570.7976684570312 337.6854553222656 640.4027099609375 408.2266845703125
57 572.4506225585938 336.2327575683594 644.196533203125 408.5712890625
58 575.0821533203125 336.4580993652344 648.3069458007812 409.56414794921875
59 577.3839111328125 335.5201721191406 649.6574096679688 408.1673583984375
60 578.3522338867188 334.9971923828125 649.8489379882812 407.8839416503906
61 580.2608032226562 334.5517883300781 650.6114501953125 406.4640197753906
62 580.4189453125 333.9064025878906 651.3964233398438 406.29974365234375
63 580.0562744140625 331.00152587890625 652.4070434570312 405.6706237792969
64 579.921142578125 328.43414306640625 653.4863891601562 405.1806640625
65 578.7382202148438 325.3529968261719 654.1142578125 403.9842529296875
66 576.9549560546875 322.3843994140625 654.8977661132812 402.7420959472656
67 575.4384155273438 320.4447326660156 655.27490234375 400.9764099121094
68 573.78369140625 318.71612548828125 654.626953125 399.2433166503906
69 571.0013427734375 318.0881042480469 652.8784790039062 398.8447570800781
70 568.2945556640625 317.8619384765625 652.0405883789062 399.5121765136719
71 566.2421875 315.60772705078125 651.0689086914062 398.8231201171875
72 561.8496704101562 312.1803283691406 653.56982421875 397.9377136230469
73 558.3719482421875 309.7165222167969 653.6952514648438 398.89166259765625
74 554.39404296875 308.48876953125 647.9511108398438 398.81805419921875
75 549.7098999023438 307.83294677734375 641.302978515625 397.7957458496094
76 550.1819458007812 306.3106384277344 642.0256958007812 398.6418762207031
77 552.8972778320312 306.04644775390625 645.5781860351562 399.84259033203125
78 554.5399169921875 306.75933837890625 647.7970581054688 401.5491638183594
79 556.5867309570312 307.9704895019531 651.6824951171875 399.4024963378906
80 550.3825073242188 305.9867248535156 659.4945068359375 400.8770751953125
81 552.7139281212085 306.6899145497906 654.2403376102607 400.3770241978361
82 552.7139281212085 306.6899145497906 654.2403376102607 400.3770241978361
83 400.84063720703125 331.2967224121094 419.195068359375 349.5486755371094
84 399.6004638671875 330.44769287109375 418.7388916015625 349.35699462890625
85 398.5897521972656 329.16864013671875 417.2858581542969 347.86114501953125
86 418.38931273145965 326.9445729063703 447.5070777237435 355.0105336338604
87 418.38931273145965 326.9445729063703 447.5070777237435 355.0105336338604
88 418.38931273145965 326.9445729063703 447.5070777237435 355.0105336338604
89 418.38931273145965 326.9445729063703 447.5070777237435 355.0105336338604
90 329.0379638671875 334.78070068359375 395.236572265625 401.33953857421875
91 320.78656005859375 338.5497741699219 377.41802978515625 400.0448913574219
92 395.76666259765625 319.7882080078125 416.56304931640625 339.0321044921875
93 371.50838088830744 327.2472067451322 407.97898835316323 364.0710341114591
94 396.1854248046875 321.208984375 415.8353271484375 339.9403076171875
95 298.23297119140625 333.80963134765625 355.84527587890625 397.15496826171875
96 396.16046142578125 321.1354064941406 415.51507568359375 339.2892150878906
97 395.8233947753906 320.73052978515625 415.3606262207031 339.09002685546875
98 395.1212463378906 320.3786926269531 415.1140441894531 338.7324523925781
99 394.5675048828125 319.931396484375 415.29736328125 338.682373046875
100 394.612548828125 319.86236572265625 415.19775390625 338.4937744140625
101 394.53594970703125 319.7008056640625 415.39141845703125 338.468505859375
102 394.39501953125 320.0091552734375 414.86346435546875 338.4676513671875
103 394.3183288574219 320.447265625 414.3940124511719 338.843505859375
104 394.5030212402344 320.523193359375 414.4667663574219 338.86962890625
105 395.2225341796875 320.1846618652344 414.950927734375 338.4607849121094