200 -1 -1 -1 -1
0 450 380 499 428
1 449.8131103515625 378.49591064453125 500.3228759765625 430.83258056640625
2 458.0998840332031 380.1108703613281 509.1779479980469 430.1900634765625
3 459.8961486816406 380.3031005859375 511.0556640625 429.9109802246094
4 468.1933898925781 377.9224548339844 516.190673828125 425.6766052246094
5 471.1372985839844 376.8490905761719 518.1334838867188 424.074462890625
6 477.6209411621094 373.4159240722656 526.1963500976562 422.1590881347656
7 480.1459655761719 371.89678955078125 529.2225952148438 421.1603698730469
8 486.4925537109375 365.418701171875 534.1436767578125 415.5533142089844
9 489.01556396484375 362.8374938964844 536.1203002929688 413.28656005859375
10 494.60333251953125 359.95703125 542.0592651367188 408.41156005859375
11 497.4945373535156 358.2154846191406 544.9555053710938 405.8367614746094
12 502.0020446777344 353.0304260253906 548.348388671875 401.7104187011719
13 503.7560729980469 350.9864196777344 549.693115234375 400.10791015625
14 508.5038146972656 347.2029113769531 555.2406005859375 394.7108154296875
15 510.5619201660156 345.78753662109375 557.56591796875 392.6766357421875
16 514.7962646484375 342.6832275390625 561.1995239257812 389.8336181640625
17 516.691162109375 341.5286560058594 562.81494140625 388.75909423828125
18 518.6707763671875 338.7232666015625 564.92578125 386.6799621582031
19 521.0519409179688 336.6138610839844 567.1278686523438 384.6513671875
20 524.8759765625 333.7363586425781 571.4632568359375 381.04119873046875
21 526.8285522460938 332.5072021484375 573.5532836914062 379.5349426269531
22 529.2083129882812 330.6786193847656 576.1416625976562 376.45391845703125
23 530.70849609375 329.7802429199219 577.6549072265625 375.0941467285156
24 533.6312255859375 326.96746826171875 579.9696655273438 373.662109375
25 534.9246215820312 325.8096618652344 581.0111083984375 373.0256652832031
26 536.0296630859375 325.6998596191406 582.824951171875 372.36102294921875
27 538.4356689453125 324.2481689453125 585.2151489257812 370.503662109375
28 540.9733276367188 322.3468017578125 587.9912719726562 368.49432373046875
29 542.3402709960938 321.3579406738281 589.4149780273438 367.49249267578125
30 542.77001953125 319.8958435058594 590.017822265625 366.0936584472656
31 544.8499145507812 318.0000305175781 591.8908081054688 364.11700439453125
32 545.1654052734375 315.82568359375 593.0061645507812 364.18670654296875
33 546.3252563476562 314.32122802734375 594.3489379882812 363.5131530761719
34 546.0504150390625 313.68402099609375 594.149169921875 363.9846496582031
35 548.30615234375 311.6669921875 596.080810546875 362.163818359375
36 547.920654296875 313.025146484375 595.52001953125 363.0273742675781
37 550.1892700195312 311.6233825683594 597.3577270507812 361.1612548828125
38 550.6279296875 312.0473327636719 596.693603515625 360.1524353027344
39 552.5260620117188 311.05157470703125 597.9260864257812 358.5651550292969
40 551.9122924804688 311.5226135253906 598.12255859375 359.81011962890625
41 554.1814575195312 309.594970703125 600.3568115234375 357.9038391113281
42 553.5662841796875 310.0418395996094 601.7357788085938 358.93328857421875
43 555.70068359375 308.4118347167969 604.2764282226562 357.315673828125
44 556.934814453125 308.25408935546875 605.3899536132812 357.04937744140625
45 558.2341918945312 307.4149475097656 606.5169677734375 356.19097900390625
46 557.5316772460938 307.5458679199219 607.6221313476562 356.8417663574219
47 559.4552001953125 305.8965759277344 609.8789672851562 355.1774597167969
48 559.9353637695312 306.965576171875 609.7421875 354.88104248046875
49 562.1931762695312 305.91302490234375 611.40478515625 353.13330078125
50 563.6196899414062 302.5908508300781 612.8070678710938 353.0606384277344
51 564.6212768554688 301.0 613.7507934570312 352.6564636230469
52 566.9851684570312 301.025390625 616.66552734375 352.3748474121094
53 567.9396362304688 300.8423156738281 617.8204956054688 352.07720947265625
54 570.8956909179688 300.8547058105469 621.3300170898438 352.39312744140625
55 572.0958251953125 300.5449523925781 622.726318359375 352.20587158203125
56 574.7611694335938 300.4141845703125 625.3253173828125 351.7361755371094
57 575.8297119140625 300.1069641113281 626.3546142578125 351.3084716796875
58 577.9848022460938 298.91064453125 627.8736572265625 350.63531494140625
59 579.3600463867188 297.7480163574219 628.8958740234375 349.6642761230469
60 581.7263793945312 296.21356201171875 633.64111328125 350.5964050292969
61 582.6771240234375 295.2794189453125 635.459716796875 350.59576416015625
62 585.7606811523438 296.2998046875 638.480712890625 350.7555847167969
63 586.9495239257812 296.3053283691406 639.6240844726562 350.4188537597656
64 590.2994995117188 296.32476806640625 642.4697875976562 349.37371826171875
65 591.4322509765625 296.0159606933594 643.40869140625 348.6554260253906
66 594.2801513671875 295.43902587890625 646.2637329101562 349.557373046875
67 595.4747314453125 294.8962097167969 647.4256591796875 349.55584716796875
68 598.6566162109375 294.1107177734375 652.020751953125 350.0177001953125
69 599.7404174804688 293.5050048828125 653.633544921875 349.8818359375
70 602.4376220703125 293.3951721191406 657.4360961914062 349.9120178222656
71 603.4788208007812 293.1069030761719 658.876708984375 349.6698303222656
72 607.1192016601562 293.1308898925781 661.239013671875 348.44488525390625
73 608.657958984375 292.86505126953125 662.2412719726562 347.7118835449219
74 610.2718505859375 291.7652282714844 665.7594604492188 347.3066101074219
75 610.9623413085938 291.13421630859375 667.1392822265625 346.9389343261719
76 613.3980712890625 290.36138916015625 670.0399780273438 346.8981018066406
77 614.4535522460938 289.84637451171875 671.2413330078125 346.6797180175781
78 616.0245971679688 288.74066162109375 673.062744140625 346.8021240234375
79 617.3939819335938 287.792236328125 674.3565673828125 346.2743835449219
80 619.021484375 287.187744140625 676.4241333007812 346.1446838378906
81 619.774169921875 286.74798583984375 677.3129272460938 345.8829650878906
82 621.96875 286.166748046875 681.0674438476562 346.0559997558594
83 622.975830078125 285.74224853515625 682.6301879882812 345.9137268066406
84 624.3668212890625 284.39508056640625 684.3742065429688 344.6719055175781
85 625.0604248046875 283.5908508300781 685.16015625 343.87030029296875
86 625.5884399414062 280.60498046875 687.4635620117188 343.309326171875
87 625.9659423828125 279.3218688964844 688.4749755859375 342.9332580566406
88 627.809814453125 278.4766540527344 691.0407104492188 342.9094543457031
89 628.7589721679688 277.9137268066406 692.2131958007812 342.6493835449219
90 630.0738525390625 277.81939697265625 693.4451293945312 342.4865417480469
91 630.936767578125 277.49359130859375 694.2072143554688 342.1383056640625
92 630.0226440429688 276.0678405761719 695.0311889648438 342.752197265625
93 631.6593017578125 274.6622009277344 696.906005859375 341.8924560546875
94 630.7695922851562 273.9967956542969 698.0824584960938 343.07220458984375
95 632.3673706054688 272.1512756347656 699.8872680664062 341.4237365722656
96 632.36572265625 271.9757080078125 700.9364013671875 342.9627380371094
97 633.9325561523438 269.85809326171875 702.1524047851562 340.739990234375
98 633.5115356445312 271.56640625 703.0264282226562 342.5534973144531
99 635.0260009765625 270.2269287109375 704.2940063476562 340.4942932128906
100 634.2810668945312 269.50341796875 704.9677734375 338.60784912109375
101 634.3402099609375 269.1437072753906 705.494873046875 337.82830810546875
102 634.473876953125 267.9996337890625 706.047119140625 336.9870300292969
103 634.6139526367188 267.5635070800781 706.3131103515625 336.6666259765625
104 631.3385009765625 264.9286804199219 704.831298828125 337.7587585449219
105 632.2971801757812 263.04931640625 705.9566040039062 337.04498291015625
106 628.7950439453125 263.460205078125 704.2796630859375 340.020263671875
107 629.4185791015625 261.2624206542969 704.7555541992188 338.0107116699219
108 624.0108642578125 261.88262939453125 703.0415649414062 339.9560241699219
109 624.194580078125 259.6776123046875 703.7633666992188 337.36041259765625
110 619.8925170898438 261.22601318359375 698.56005859375 339.61920166015625
111 620.7372436523438 259.33673095703125 698.14208984375 337.1373291015625
112 615.533935546875 261.2048034667969 694.0919189453125 340.1318664550781
113 616.0792846679688 259.3491516113281 694.2315673828125 337.8923645019531
114 609.3103637695312 260.535400390625 689.0205078125 340.026123046875
115 609.3363647460938 259.2416076660156 688.9352416992188 338.6941833496094
116 603.1764526367188 261.1434326171875 684.4461059570312 342.3301086425781
117 603.1856079101562 259.12493896484375 684.199951171875 340.1124572753906
118 595.6519775390625 260.4266052246094 678.8289794921875 343.45660400390625
119 595.1818237304688 258.2339172363281 678.2527465820312 341.1512756347656
120 587.7154541015625 260.0242919921875 673.882080078125 345.0033874511719
121 587.2918701171875 258.0279846191406 673.6932983398438 342.8655700683594
122 580.4730224609375 259.5479736328125 668.3387451171875 347.2936706542969
123 580.4037475585938 257.2718200683594 667.5879516601562 345.2015686035156
124 570.5215454101562 258.0589904785156 660.338623046875 349.19976806640625
125 569.2801513671875 255.4762725830078 659.1633911132812 346.9188537597656
126 560.8486938476562 257.9998779296875 653.4368896484375 350.5458679199219
127 560.3179931640625 256.0574645996094 652.9639282226562 348.03839111328125
128 551.0328979492188 257.80499267578125 643.8419189453125 350.05316162109375
129 550.4024047851562 255.79188537597656 642.33154296875 347.2704772949219
130 539.6595458984375 257.0456237792969 633.5945434570312 351.1541748046875
131 538.7174072265625 254.9583740234375 632.559814453125 349.4657287597656
132 527.0652465820312 254.80154418945312 623.3910522460938 349.0556640625
133 523.0167236328125 254.43092346191406 620.2637939453125 348.6693115234375
134 508.87255859375 257.0279846191406 608.4982299804688 352.3655700683594
135 506.9020080566406 255.54605102539062 606.5029296875 350.7574768066406
136 496.4152526855469 255.40452575683594 595.5682373046875 353.9344177246094
137 495.9008483886719 253.43359375 594.0217895507812 352.8385009765625
138 484.23541259765625 253.35409545898438 590.2190551757812 355.1117248535156
139 483.0556945800781 251.27847290039062 591.1591796875 353.5242614746094
140 462.8882141113281 250.7201385498047 583.2587890625 365.27880859375
141 458.3182678222656 249.1944580078125 582.6024169921875 368.00250244140625
142 451.73638916015625 248.32872009277344 592.4344482421875 372.85784912109375
143 449.470703125 247.7525177001953 596.4821166992188 374.552490234375
144 445.96099853515625 249.58966064453125 574.8363037109375 369.9144592285156
145 445.25030517578125 250.06483459472656 566.0890502929688 367.80670166015625
146 434.1805114746094 251.4308319091797 559.814208984375 381.415283203125
147 430.72076416015625 251.44667053222656 557.9750366210938 385.9524841308594
148 423.706787109375 250.23699951171875 555.66259765625 392.1026916503906
149 421.5632629394531 249.5056915283203 555.21630859375 394.2412414550781
150 415.64849853515625 247.58291625976562 531.1722412109375 368.6368103027344
151 414.33282470703125 246.6046905517578 522.120849609375 357.43701171875
152 405.5290222167969 246.3106689453125 516.8695678710938 363.50445556640625
153 403.03753662109375 245.95330810546875 515.5594482421875 365.1407470703125
154 397.24005126953125 245.0801544189453 503.57452392578125 372.5506286621094
155 395.72613525390625 244.7526092529297 499.6322326660156 375.2335510253906
156 390.3146667480469 244.9339141845703 499.1944885253906 376.8459167480469
157 388.68145751953125 245.17416381835938 499.43377685546875 377.6039733886719
158 383.85455322265625 248.18228149414062 504.5977783203125 381.5615234375
159 382.26708984375 249.80145263671875 506.5217590332031 383.2272644042969
160 371.2491760253906 257.6391296386719 512.9593505859375 390.8667297363281
161 367.26715087890625 260.8369445800781 515.5661010742188 393.9331359863281
162 346.0362243652344 271.7931823730469 486.5666198730469 394.509521484375
163 337.7908020019531 276.0906982421875 474.8436584472656 394.7528076171875
164 348.57930061101433 270.21512210089236 487.1098633432357 393.48812224931515
165 348.57930061101433 270.21512210089236 487.1098633432357 393.48812224931515
166 168.5203094482422 220.65524291992188 221.2067413330078 281.2364807128906
167 168.54193115234375 220.60885620117188 221.15792846679688 281.2438659667969
168 213.545868090986 233.0220193557895 287.6581154024593 309.3030837239499
169 213.545868090986 233.0220193557895 287.6581154024593 309.3030837239499