244 -1 -1 -1 -1
0 480 428 529 476
1 487.596435546875 429.676025390625 531.797119140625 477.114501953125
2 490.4103088378906 428.0191955566406 535.59716796875 475.638671875
3 493.0132141113281 424.81500244140625 538.4803466796875 472.45257568359375
4 496.5113525390625 422.28082275390625 541.4615478515625 468.93829345703125
5 498.7499084472656 419.4649658203125 543.5604858398438 465.44537353515625
6 501.87408447265625 417.2333984375 545.5034790039062 462.9595947265625
7 504.9197082519531 414.4863586425781 548.271484375 460.7889709472656
8 507.1161193847656 411.8364562988281 551.4716186523438 458.24468994140625
9 509.02801513671875 409.68011474609375 554.27490234375 456.303466796875
10 512.4132080078125 409.2119140625 555.7702026367188 454.4216003417969
11 514.3894653320312 408.6227722167969 557.6719360351562 453.1207275390625
12 516.50048828125 407.149658203125 559.7987060546875 452.28729248046875
13 518.5521850585938 405.94140625 561.427001953125 450.5951232910156
14 520.8135375976562 404.67755126953125 562.9839477539062 449.2781677246094
15 522.488525390625 403.2959289550781 565.423828125 448.31427001953125
16 524.34423828125 402.5074157714844 568.5557250976562 447.83154296875
17 526.3331909179688 401.2848815917969 570.8043212890625 447.242919921875
18 528.0663452148438 400.493408203125 572.6729125976562 445.9327392578125
19 530.1475830078125 400.3128356933594 573.6925659179688 444.2449035644531
20 531.8336181640625 398.9049072265625 575.8269653320312 443.57049560546875
21 533.7857666015625 396.711669921875 578.1998291015625 442.3948669433594
22 535.7348022460938 394.88372802734375 580.5101928710938 440.81060791015625
23 537.3007202148438 393.9533386230469 582.4130249023438 440.0187072753906
24 539.1791381835938 393.24005126953125 584.2630615234375 438.8982238769531
25 540.6795043945312 391.97509765625 586.7943725585938 437.9930419921875
26 541.7188110351562 390.1322326660156 588.3671875 436.61492919921875
27 542.9161376953125 388.40814208984375 590.27392578125 434.52801513671875
28 544.4107666015625 386.16131591796875 591.3126831054688 432.306640625
29 545.712158203125 383.0980529785156 591.6039428710938 429.3823547363281
30 545.7828369140625 380.3544616699219 591.9080200195312 428.195068359375
31 547.0864868164062 379.1693115234375 593.3359985351562 425.58380126953125
32 547.2506103515625 378.39031982421875 593.7268676757812 424.2522277832031
33 548.3319091796875 377.4087829589844 594.5636596679688 423.0597839355469
34 548.4216918945312 376.3614196777344 594.740234375 421.9576416015625
35 548.56005859375 374.88104248046875 594.9683227539062 421.10504150390625
36 548.1865234375 373.5885314941406 594.4457397460938 420.2928771972656
37 547.6203002929688 372.43402099609375 594.04296875 419.556640625
38 546.9923706054688 371.2340393066406 593.5363159179688 418.51373291015625
39 546.9903564453125 368.20989990234375 593.9769287109375 417.1004638671875
40 545.8535766601562 365.9874572753906 593.8011474609375 416.5736389160156
41 545.9098510742188 363.9452209472656 594.1859130859375 415.4078369140625
42 545.8629760742188 363.4608459472656 593.8279418945312 414.1441650390625
43 544.8269653320312 362.56707763671875 594.5437622070312 413.56201171875
44 543.154541015625 362.086181640625 593.5552368164062 413.1351623535156
45 543.3120727539062 361.60504150390625 593.13671875 412.9990234375
46 542.3411254882812 360.6561584472656 592.7108764648438 413.2354736328125
47 539.9913940429688 360.50067138671875 591.5375366210938 413.734130859375
48 538.59912109375 359.99237060546875 589.4369506835938 413.0831604003906
49 536.6451416015625 359.76141357421875 586.614990234375 411.4277648925781
50 536.0225830078125 358.5088195800781 585.5482788085938 408.8616638183594
51 534.129638671875 358.114990234375 584.2459716796875 408.1433410644531
52 532.797607421875 356.793701171875 583.3091430664062 407.3334045410156
53 531.1787109375 355.7527770996094 581.5927124023438 406.86431884765625
54 530.0335693359375 354.6441650390625 580.3973999023438 406.5837097167969
55 529.3827514648438 352.8309326171875 579.8729248046875 405.5232849121094
56 528.4172973632812 351.63226318359375 578.9534301757812 404.8368225097656
57 526.822021484375 350.00750732421875 577.8583374023438 403.8816833496094
58 528.1092508948781 351.4780486218309 578.8669739176905 404.72757242599965
59 523.0104370117188 346.9582214355469 576.73876953125 403.6209411621094
60 522.4191284179688 344.99652099609375 577.5690307617188 401.8206481933594
61 522.4078369140625 344.5863037109375 577.9616088867188 401.44659423828125
62 522.271240234375 344.63360595703125 577.6268920898438 401.2770080566406
63 520.3355712890625 344.0006103515625 576.3031005859375 402.99151611328125
64 519.0765991210938 345.650634765625 575.5260009765625 405.0937805175781
65 516.833984375 346.910400390625 574.4140625 405.4278564453125
66 516.4042358398438 346.4447326660156 573.7456665039062 405.2894287109375
67 517.1012573242188 345.7441711425781 573.6533813476562 405.87225341796875
68 514.9593505859375 342.6776428222656 573.301513671875 405.8245849609375
69 514.6166381835938 342.432373046875 573.052734375 404.8466491699219
70 514.9255981445312 342.50567626953125 573.7393798828125 404.22503662109375
71 513.7632446289062 342.294677734375 573.7010498046875 405.2760314941406
72 514.7863159179688 341.0963439941406 575.4307250976562 404.19305419921875
73 514.79345703125 339.7018127441406 576.1314086914062 404.3467712402344
74 515.8883056640625 338.75567626953125 577.7186279296875 404.07269287109375
75 516.8340454101562 339.7801818847656 578.9898071289062 403.79656982421875
76 517.2000732421875 341.07257080078125 578.9912719726562 404.8498840332031
77 518.9697265625 341.7479553222656 580.034423828125 405.0925598144531
78 519.7405395507812 341.9090270996094 580.6436767578125 405.5203552246094
79 520.3368530273438 342.1763916015625 581.7037963867188 406.53240966796875
80 520.0860595703125 340.9023132324219 583.4678955078125 406.24432373046875
81 521.1412963867188 341.0606994628906 584.87109375 406.60552978515625
82 521.9536743164062 340.9391784667969 586.38720703125 407.27618408203125
83 521.8969116210938 340.8213195800781 587.2454833984375 408.4997863769531
84 522.8892211914062 339.8357849121094 588.6728515625 409.0997619628906
85 524.503173828125 340.48321533203125 590.286376953125 410.2279052734375
86 525.989501953125 341.5072021484375 591.9234008789062 411.3806457519531
87 526.9586791992188 343.5220642089844 594.3052368164062 413.50787353515625
88 527.0693359375 344.1306457519531 596.3108520507812 414.609375
89 525.6842041015625 345.15545654296875 596.3336181640625 416.0324401855469
90 524.5537719726562 345.9164733886719 597.4241333007812 417.6419677734375
91 523.036376953125 346.3616027832031 598.4925537109375 420.91888427734375
92 522.0049438476562 344.8523864746094 598.4298706054688 423.2452087402344
93 521.2003784179688 345.2961730957031 599.0796508789062 424.8108825683594
94 522.7200317382812 346.6240234375 599.2872924804688 423.822998046875
95 522.98193359375 348.20025634765625 599.365234375 424.2007751464844
96 521.9091796875 348.3294372558594 598.6600952148438 425.0972900390625
97 520.8251342773438 348.966552734375 599.0464477539062 427.5176696777344
98 519.4679565429688 349.66748046875 598.4768676757812 430.1984558105469
99 515.4503784179688 352.11175537109375 596.8069458007812 432.3476257324219
100 512.2091064453125 353.08782958984375 595.4365234375 433.2869567871094
101 509.719970703125 354.2000427246094 594.7595825195312 435.0124816894531
102 508.4868469238281 355.84124755859375 593.8543090820312 437.654541015625
103 508.47607421875 356.8627624511719 594.2197875976562 439.9447937011719
104 509.46180425022294 355.6444705130909 594.4935413204112 437.73160544867653
105 504.85321044921875 358.8875427246094 593.706787109375 442.5169372558594
106 503.2325439453125 359.9258117675781 596.7174682617188 443.56097412109375
107 505.1950256475167 358.59590919321414 595.4088162383059 441.8426227366808
108 505.1950256475167 358.59590919321414 595.4088162383059 441.8426227366808
109 499.11187744140625 363.44561767578125 585.6218872070312 445.7510070800781
110 495.3428955078125 363.3843078613281 578.1781616210938 446.73468017578125
111 490.9031982421875 361.2751159667969 572.7821044921875 445.068115234375
112 488.0715026855469 358.3961181640625 568.3284301757812 443.5584411621094
113 491.44859428485455 360.0674719857087 573.4464303789077 444.3626862751685
114 491.44859428485455 360.0674719857087 573.4464303789077 444.3626862751685
115 491.44859428485455 360.0674719857087 573.4464303789077 444.3626862751685
116 491.44859428485455 360.0674719857087 573.4464303789077 444.3626862751685
117 491.44859428485455 360.0674719857087 573.4464303789077 444.3626862751685
118 491.44859428485455 360.0674719857087 573.4464303789077 444.3626862751685
119 491.44859428485455 360.0674719857087 573.4464303789077 444.3626862751685
120 491.44859428485455 360.0674719857087 573.4464303789077 444.3626862751685
121 491.44859428485455 360.0674719857087 573.4464303789077 444.3626862751685
122 491.44859428485455 360.0674719857087 573.4464303789077 444.3626862751685
123 491.44859428485455 360.0674719857087 573.4464303789077 444.3626862751685
124 491.44859428485455 360.0674719857087 573.4464303789077 444.3626862751685
125 491.44859428485455 360.0674719857087 573.4464303789077 444.3626862751685
126 396.24932861328125 319.1059265136719 487.72625732421875 409.7270202636719
127 443.84896144906793 339.5866992496903 530.5863438515632 427.0448532694202
128 386.2840576171875 315.66033935546875 495.4122314453125 406.06353759765625
129 382.61920166015625 313.2233581542969 484.8978271484375 403.3150329589844
130 377.69189453125 308.2140197753906 500.12615966796875 402.2607727050781
131 375.55853271484375 309.700927734375 481.56292724609375 401.94384765625
132 374.998779296875 308.0144348144531 502.868896484375 401.0757141113281
133 374.5902099609375 303.17706298828125 509.427490234375 400.74957275390625
134 372.24151611328125 306.97235107421875 481.19281005859375 399.97991943359375
135 368.2252197265625 306.123291015625 477.25189208984375 397.7799072265625
136 363.56231689453125 305.28460693359375 461.00604248046875 395.44647216796875
137 351.8516845703125 297.99957275390625 459.59228515625 402.06134033203125
138 349.63690185546875 296.9598388671875 465.88861083984375 398.17852783203125
139 347.38360595703125 297.92095947265625 450.39996337890625 391.29718017578125
140 344.97100830078125 296.31964111328125 447.53887939453125 390.20928955078125
141 347.9913131995826 297.50182575345417 452.88306588424496 392.66582808551163
142 347.9913131995826 297.50182575345417 452.88306588424496 392.66582808551163
143 347.9913131995826 297.50182575345417 452.88306588424496 392.66582808551163
144 347.9913131995826 297.50182575345417 452.88306588424496 392.66582808551163
145 347.9913131995826 297.50182575345417 452.88306588424496 392.66582808551163
146 347.9913131995826 297.50182575345417 452.88306588424496 392.66582808551163
147 347.9913131995826 297.50182575345417 452.88306588424496 392.66582808551163
148 347.9913131995826 297.50182575345417 452.88306588424496 392.66582808551163
149 347.9913131995826 297.50182575345417 452.88306588424496 392.66582808551163
150 347.9913131995826 297.50182575345417 452.88306588424496 392.66582808551163
151 347.9913131995826 297.50182575345417 452.88306588424496 392.66582808551163
152 347.9913131995826 297.50182575345417 452.88306588424496 392.66582808551163
153 347.9913131995826 297.50182575345417 452.88306588424496 392.66582808551163
154 347.9913131995826 297.50182575345417 452.88306588424496 392.66582808551163
155 347.9913131995826 297.50182575345417 452.88306588424496 392.66582808551163
156 347.9913131995826 297.50182575345417 452.88306588424496 392.66582808551163
157 347.9913131995826 297.50182575345417 452.88306588424496 392.66582808551163
158 347.9913131995826 297.50182575345417 452.88306588424496 392.66582808551163
159 347.9913131995826 297.50182575345417 452.88306588424496 392.66582808551163
160 347.9913131995826 297.50182575345417 452.88306588424496 392.66582808551163
161 347.9913131995826 297.50182575345417 452.88306588424496 392.66582808551163
162 347.9913131995826 297.50182575345417 452.88306588424496 392.66582808551163
163 247.6863250732422 324.4508056640625 314.40985107421875 387.96502685546875
164 247.8495330810547 329.0816650390625 315.80377197265625 391.37176513671875
165 249.5892333984375 335.1000061035156 317.04864501953125 393.6617736816406
166 249.73193359375 339.9635009765625 316.12615966796875 398.3233642578125
167 246.09719848632812 341.43865966796875 321.7109069824219 400.06976318359375
168 263.5433349609375 342.7659912109375 323.865966796875 399.4046630859375
169 261.4222106933594 340.521484375 326.2193298339844 398.78466796875
170 257.45843505859375 339.3877258300781 329.64532470703125 398.7895812988281
171 265.7047119140625 338.7147216796875 331.299072265625 398.289306640625
172 252.34423828125 335.53094482421875 337.0250244140625 397.81451416015625