229 -1 -1 -1 -1
0 396 395 450 447
1 395.75384521484375 392.3121337890625 449.52105712890625 445.0528564453125
2 403.3507080078125 393.3801574707031 454.64044189453125 446.3389587402344
3 404.9267883300781 393.6541748046875 455.7376403808594 446.6409912109375
4 411.50115966796875 394.1428527832031 462.8998718261719 447.6110534667969
5 413.64483642578125 394.3952941894531 465.2044372558594 447.9785461425781
6 418.86798095703125 393.0511779785156 469.66094970703125 447.53662109375
7 420.68853759765625 392.6705627441406 471.1875305175781 447.4132080078125
8 425.35430908203125 389.2827453613281 476.283203125 442.5615234375
9 427.0807800292969 388.0672302246094 478.14361572265625 440.77117919921875
10 430.58782958984375 383.4955139160156 481.2886047363281 437.0692443847656
11 432.78900146484375 381.5016174316406 483.2291259765625 435.332763671875
12 434.9649353027344 378.0105895996094 485.4076843261719 432.8779602050781
13 436.1243896484375 376.5865783691406 486.51593017578125 431.8243103027344
14 438.2015686035156 374.13836669921875 490.4893798828125 428.74835205078125
15 439.0207214355469 373.1854248046875 492.0007019042969 427.5514831542969
16 441.11773681640625 371.3690185546875 493.32122802734375 424.3152160644531
17 442.31396484375 370.40350341796875 494.1564636230469 422.8315734863281
18 444.0360412597656 367.21331787109375 496.1973571777344 421.92510986328125
19 445.0339050292969 365.7153015136719 497.2765197753906 421.2908935546875
20 444.6294250488281 363.6441650390625 498.0933532714844 417.8970947265625
21 444.6788330078125 362.6488037109375 498.5765380859375 416.4022216796875
22 445.6455078125 362.2281799316406 499.2211608886719 415.4663391113281
23 446.19482421875 361.8432312011719 499.6208190917969 414.91473388671875
24 444.8731384277344 361.6009826660156 498.4739990234375 415.0888977050781
25 446.3829345703125 360.16009521484375 499.7635498046875 413.7079162597656
26 447.9328308105469 358.5723571777344 500.6591796875 411.5115966796875
27 448.7961120605469 357.689208984375 501.24554443359375 410.4261169433594
28 449.7486267089844 357.29180908203125 502.26611328125 408.568603515625
29 450.79119873046875 356.5628662109375 503.2430114746094 407.3138732910156
30 450.9429016113281 355.0306396484375 504.9900207519531 407.0022277832031
31 451.1498107910156 354.22711181640625 505.7818603515625 406.6724853515625
32 451.74749755859375 351.80853271484375 506.9808349609375 406.2610778808594
33 452.3403625488281 350.6341552734375 507.7569580078125 405.8569030761719
34 453.8545837402344 345.4725646972656 509.30712890625 405.6500549316406
35 454.5637512207031 343.2872314453125 510.0038757324219 405.3588562011719
36 455.9525146484375 343.0083923339844 512.1127319335938 403.7542419433594
37 457.0589294433594 342.5885925292969 513.4114379882812 402.7742614746094
38 458.62969970703125 343.6933898925781 514.1258544921875 401.3239440917969
39 459.2994689941406 343.93927001953125 514.4465942382812 400.5760498046875
40 461.583740234375 343.5815734863281 515.1801147460938 399.960205078125
41 462.6590270996094 343.2059631347656 515.6336059570312 399.4885559082031
42 464.6062316894531 341.07244873046875 518.5321044921875 399.0448303222656
43 465.52520751953125 340.02545166015625 519.7828979492188 398.6478576660156
44 466.8997802734375 338.07818603515625 522.6443481445312 396.39013671875
45 467.6424865722656 337.1385192871094 523.9054565429688 395.3092956542969
46 470.6673889160156 335.9593811035156 526.636962890625 392.52093505859375
47 471.8556823730469 335.4062805175781 527.6869506835938 391.34136962890625
48 473.1846923828125 330.5798034667969 530.572509765625 389.58477783203125
49 474.093505859375 328.6366271972656 532.002197265625 388.761474609375
50 478.0497741699219 328.8348693847656 534.751708984375 388.3692321777344
51 479.55059814453125 328.9046630859375 535.7579345703125 388.1778259277344
52 481.3257141113281 326.6767272949219 538.415771484375 386.4774475097656
53 482.346435546875 325.762451171875 539.7080078125 385.73980712890625
54 485.3122253417969 325.6007995605469 543.83984375 384.9196472167969
55 486.5129089355469 325.4659423828125 545.4507446289062 384.50909423828125
56 488.6834716796875 323.68634033203125 548.5315551757812 383.9118957519531
57 489.80572509765625 322.8223876953125 549.9383544921875 383.4767761230469
58 491.73406982421875 321.3435363769531 550.4180297851562 383.0970153808594
59 492.4735107421875 320.6106872558594 550.5737915039062 382.7799377441406
60 495.16717529296875 317.8433837890625 553.6298217773438 381.6224365234375
61 496.22064208984375 316.5731201171875 554.8018188476562 380.93231201171875
62 497.6835021972656 313.6066589355469 557.3101196289062 378.5159606933594
63 498.3059387207031 312.23175048828125 558.310302734375 377.3462219238281
64 500.43804931640625 311.2876281738281 561.3687744140625 375.7793273925781
65 501.33807373046875 310.6995544433594 562.5996704101562 374.9487609863281
66 503.6486511230469 311.66314697265625 564.130859375 373.4790954589844
67 504.6405944824219 311.7850341796875 564.7936401367188 372.6872253417969
68 505.5035095214844 311.1226501464844 566.5707397460938 373.37567138671875
69 506.1510925292969 310.4514465332031 567.5059204101562 373.2234802246094
70 507.7696533203125 309.1238098144531 569.6083374023438 373.0492248535156
71 508.5198059082031 308.29620361328125 570.5164184570312 372.67828369140625
72 510.7727966308594 305.9674987792969 572.614990234375 370.30645751953125
73 511.77685546875 304.74969482421875 573.5319213867188 369.0928649902344
74 513.6963500976562 303.1167907714844 576.7194213867188 367.4599609375
75 514.5438842773438 302.1791076660156 578.047119140625 366.6221008300781
76 514.1837768554688 302.8479919433594 577.7830810546875 366.873779296875
77 515.672119140625 301.7601318359375 578.97412109375 365.5445861816406
78 517.7162475585938 300.20892333984375 581.7911376953125 364.4021911621094
79 518.7605590820312 299.12823486328125 583.0908203125 363.5179748535156
80 518.9620971679688 299.570556640625 583.2103271484375 364.5779113769531
81 520.7300415039062 298.333251953125 584.6088256835938 363.5045166015625
82 519.9578247070312 297.2922668457031 585.7357177734375 364.5186462402344
83 521.3203125 295.5415954589844 587.4976806640625 363.4689636230469
84 521.798828125 295.9991455078125 586.9542236328125 363.887939453125
85 523.4356079101562 294.8253173828125 587.8856811523438 362.6377868652344
86 524.625 294.1770324707031 589.4089965820312 362.5037536621094
87 525.2681884765625 293.5220031738281 590.1642456054688 362.0722961425781
88 526.88818359375 292.94805908203125 591.501220703125 360.5711975097656
89 527.599853515625 292.529296875 592.0994262695312 359.8082580566406
90 528.287841796875 291.56170654296875 594.226318359375 359.4032897949219
91 528.6538696289062 290.9663391113281 595.1135864257812 359.0491027832031
92 529.5975341796875 291.34490966796875 596.2072143554688 359.5975341796875
93 530.1928100585938 291.0360107421875 596.8290405273438 359.3878173828125
94 530.0984497070312 290.1859130859375 598.298828125 359.6628723144531
95 530.5277099609375 289.1895751953125 599.2291870117188 359.1361999511719
96 530.462646484375 287.6477966308594 600.2515258789062 358.9358215332031
97 531.8056640625 286.0877990722656 601.727294921875 357.8548889160156
98 533.6964721679688 285.6705627441406 603.48193359375 358.2004699707031
99 534.44921875 285.1533508300781 604.166259765625 357.9904479980469
100 535.064208984375 285.5155944824219 605.662841796875 357.4452819824219
101 536.2023315429688 284.8483581542969 606.9214477539062 356.41595458984375
102 538.2389526367188 285.0650329589844 609.2153930664062 357.4429626464844
103 539.0133666992188 284.77728271484375 610.0774536132812 357.48577880859375
104 540.2260131835938 284.35931396484375 612.1951293945312 357.1104736328125
105 540.6813354492188 283.8366394042969 612.9816284179688 356.62445068359375
106 542.9781494140625 283.11175537109375 614.5465087890625 356.4404602050781
107 543.760498046875 282.46844482421875 615.0493774414062 356.0283508300781
108 544.3967895507812 282.5501708984375 616.6837768554688 356.97869873046875
109 544.548583984375 282.1686706542969 617.2178344726562 356.9544677734375
110 546.4730834960938 282.2311096191406 619.4970703125 358.1431579589844
111 547.0569458007812 281.8246765136719 620.2269897460938 358.1896667480469
112 548.0336303710938 281.2913513183594 623.503173828125 357.4042663574219
113 548.3309326171875 280.5365295410156 624.6607666015625 356.59326171875
114 550.7501831054688 282.135009765625 626.9385986328125 357.1923828125
115 551.5078735351562 282.3544616699219 627.6351318359375 357.04327392578125
116 552.5244140625 282.1574401855469 629.7227783203125 355.9897155761719
117 552.7728271484375 281.7677307128906 630.3701782226562 355.2825927734375
118 553.994140625 279.7620849609375 632.199462890625 355.12274169921875
119 554.3441162109375 278.8102722167969 632.7609252929688 354.85260009765625
120 554.1220703125 276.6095886230469 632.6844482421875 355.1599426269531
121 553.9682006835938 275.6761779785156 632.55517578125 355.1478271484375
122 553.505615234375 274.7678527832031 632.6277465820312 353.93927001953125
123 553.3142700195312 274.38751220703125 632.6004638671875 353.3954162597656
124 553.028076171875 271.54522705078125 632.536376953125 350.59637451171875
125 552.9484252929688 270.39752197265625 632.5018310546875 349.4339294433594
126 552.4276733398438 266.49664306640625 631.2434692382812 347.6277770996094
127 552.2987060546875 264.9971618652344 630.7720336914062 346.8892822265625
128 548.2310180664062 262.9626159667969 630.029541015625 346.3174133300781
129 546.8282470703125 262.1478576660156 629.8421630859375 346.05352783203125
130 542.6198120117188 259.639892578125 626.9959716796875 342.881591796875
131 541.1531982421875 258.67315673828125 625.9998779296875 341.6220703125
132 539.1029663085938 257.1510009765625 624.384765625 339.26177978515625
133 538.460205078125 256.60015869140625 623.8558959960938 338.36236572265625
134 534.25146484375 251.57159423828125 622.55810546875 337.2880859375
135 532.8059692382812 249.74461364746094 622.16552734375 336.900146484375
136 527.497314453125 246.52447509765625 618.0531005859375 335.5171813964844
137 525.8424072265625 245.1902313232422 616.752197265625 334.84210205078125
138 524.5059814453125 242.391845703125 615.593994140625 331.6963195800781
139 524.1707763671875 241.47596740722656 615.2567138671875 330.572265625
140 521.2889404296875 237.9735565185547 611.3887329101562 327.85858154296875
141 520.3139038085938 236.74270629882812 609.996337890625 326.8779296875
142 519.7634887695312 233.61061096191406 610.0274658203125 324.3249206542969
143 519.642578125 232.54136657714844 610.0870971679688 323.4214172363281
144 522.447998046875 230.13607788085938 618.0084228515625 323.65093994140625
145 523.6475830078125 229.16140747070312 621.0811157226562 323.6608581542969
146 528.6170654296875 225.49681091308594 627.912109375 322.31976318359375
147 530.5086669921875 224.212646484375 630.4812622070312 321.86907958984375
148 537.8529052734375 224.58999633789062 639.794921875 322.77349853515625
149 540.6474609375 224.8302001953125 643.283203125 323.1449890136719
150 538.5131225585938 221.0849609375 642.9226684570312 327.4469299316406
151 537.69775390625 219.78065490722656 642.72900390625 329.1125183105469
152 540.1187744140625 219.10687255859375 645.6461791992188 329.07147216796875
153 541.1058959960938 219.05136108398438 646.7387084960938 329.1466369628906
154 540.5260620117188 216.2928466796875 647.4132080078125 320.6895446777344
155 540.5269165039062 215.39129638671875 647.79443359375 317.44158935546875
156 548.695556640625 215.29078674316406 650.3121948242188 312.89520263671875
157 552.1094360351562 215.44131469726562 651.4083862304688 311.311279296875
158 554.7590942382812 210.50357055664062 655.9518432617188 306.1858825683594
159 555.8087768554688 208.69711303710938 657.6776123046875 304.3310241699219
160 443.09423828125 222.4142303466797 465.876953125 244.76324462890625
161 443.09259033203125 222.41586303710938 465.87420654296875 244.75863647460938
162 470.7388609000632 219.53725269443754 513.240819368421 260.3819931844639
163 470.7388609000632 219.53725269443754 513.240819368421 260.3819931844639
164 574.6202392578125 225.4022216796875 679.1578369140625 311.935302734375
165 574.6219482421875 225.40042114257812 679.1656494140625 311.9567565917969
166 574.1409912109375 244.9193115234375 686.9833984375 368.0135498046875
167 574.1310424804688 244.923828125 686.9744262695312 367.96533203125
168 567.7634563331094 239.67551173456445 674.6536849385536 350.7504790356989
169 567.7634563331094 239.67551173456445 674.6536849385536 350.7504790356989
170 567.7634563331094 239.67551173456445 674.6536849385536 350.7504790356989
171 567.7634563331094 239.67551173456445 674.6536849385536 350.7504790356989
172 567.7634563331094 239.67551173456445 674.6536849385536 350.7504790356989
173 567.7634563331094 239.67551173456445 674.6536849385536 350.7504790356989
174 567.7634563331094 239.67551173456445 674.6536849385536 350.7504790356989
175 567.7634563331094 239.67551173456445 674.6536849385536 350.7504790356989
176 567.7634563331094 239.67551173456445 674.6536849385536 350.7504790356989
177 567.7634563331094 239.67551173456445 674.6536849385536 350.7504790356989