202 -1 -1 -1 -1
0 357 486 398 529
1 357 486 398 529
2 357 486 398 529
3 357 486 398 529
4 357 486 398 529
5 357 486 398 529
6 357 486 398 529
7 357 486 398 529
8 357 486 398 529
9 357 486 398 529
10 357 486 398 529
11 401.80950927734375 459.517822265625 439.67730712890625 497.8909912109375
12 405.91766357421875 457.55450439453125 443.12127685546875 495.74810791015625
13 680.057373046875 250.331787109375 702.2080078125 270.345703125
14 411.24609375 452.9959716796875 447.7078857421875 488.619873046875
15 473.8026924133301 405.37010955810547 507.150936126709 438.0455627441406
16 473.8026924133301 405.37010955810547 507.150936126709 438.0455627441406
17 679.2957153320312 255.98025512695312 698.4183959960938 274.9934387207031
18 678.0565185546875 257.22271728515625 698.1845703125 276.83929443359375
19 676.9694213867188 257.9793701171875 698.7329711914062 279.0860595703125
20 652.1361413002014 275.96415996551514 674.6087946891785 297.88272857666016
21 652.1361413002014 275.96415996551514 674.6087946891785 297.88272857666016
22 652.1361413002014 275.96415996551514 674.6087946891785 297.88272857666016
23 652.1361413002014 275.96415996551514 674.6087946891785 297.88272857666016
24 652.1361413002014 275.96415996551514 674.6087946891785 297.88272857666016
25 652.1361413002014 275.96415996551514 674.6087946891785 297.88272857666016
26 666.762451171875 264.73931884765625 690.6025390625 286.69134521484375
27 665.3074340820312 264.13995361328125 690.8307495117188 287.44854736328125
28 436.94781494140625 428.748779296875 477.94525146484375 466.897705078125
29 439.63031005859375 430.28497314453125 476.56622314453125 464.74847412109375
30 440.51531982421875 427.3757629394531 479.17425537109375 465.0408630371094
31 442.6289978027344 427.2013244628906 479.5088806152344 463.6542053222656
32 444.07391357421875 427.5019836425781 480.2611083984375 463.0896911621094
33 444.5957946777344 426.0786437988281 482.40765380859375 462.5836486816406
34 444.6279296875 424.03289794921875 484.8940124511719 462.69696044921875
35 446.212890625 422.6075439453125 486.3442687988281 463.1770324707031
36 448.4895935058594 421.5089416503906 486.8048400878906 463.10430908203125
37 450.62353515625 420.85986328125 487.4732971191406 462.89056396484375
38 451.43255615234375 421.3249206542969 487.0103759765625 461.4672546386719
39 452.9904479980469 421.9205627441406 487.8309326171875 460.1871032714844
40 454.72613525390625 422.12860107421875 489.829345703125 459.1221008300781
41 456.5811767578125 421.8227844238281 491.91229248046875 458.295654296875
42 458.1727294921875 421.4094543457031 493.71246337890625 457.0968322753906
43 459.3711853027344 419.6744689941406 494.8363037109375 456.4395751953125
44 460.3258972167969 418.7575378417969 496.1773986816406 456.07220458984375
45 460.52947998046875 417.69842529296875 496.8611755371094 455.6786193847656
46 460.8800354003906 416.1322326660156 497.9383544921875 454.8076477050781
47 461.6358642578125 415.29034423828125 498.55877685546875 453.8995361328125
48 462.6167297363281 415.7856750488281 498.7930603027344 453.34051513671875
49 463.50299072265625 416.0617980957031 498.9512023925781 453.8580017089844
50 463.93682861328125 415.3623352050781 499.7810363769531 454.19207763671875
51 463.68072509765625 411.46405029296875 500.98779296875 453.9667053222656
52 464.1566162109375 412.3823547363281 501.79132080078125 453.9151611328125
53 465.3951721191406 413.98486328125 503.54449462890625 453.89019775390625
54 466.2864074707031 414.2547302246094 505.0673828125 453.6344299316406
55 467.1927795410156 414.4376525878906 505.5367736816406 453.418212890625
56 468.2514953613281 413.2093505859375 507.453125 453.4627685546875
57 469.665771484375 412.58184814453125 509.53985595703125 453.68231201171875
58 471.048828125 411.7552185058594 510.6768493652344 452.8337097167969
59 472.3157653808594 411.21234130859375 511.1419372558594 451.7060852050781
60 472.5903015136719 410.7958068847656 511.64715576171875 450.3640441894531
61 473.02960205078125 410.53271484375 512.735595703125 449.8837585449219
62 474.48382568359375 410.0019226074219 513.6807861328125 448.8316955566406
63 474.8207702636719 409.9909973144531 514.75439453125 449.4165954589844
64 475.91033935546875 410.22589111328125 515.7151489257812 449.4470520019531
65 476.3236999511719 410.4053649902344 516.1967163085938 450.21209716796875
66 476.98760986328125 409.7503967285156 517.2150268554688 451.2814636230469
67 477.4756164550781 409.3048095703125 518.5488891601562 451.64300537109375
68 477.7441711425781 409.0015869140625 519.83154296875 451.7789001464844
69 478.5465393066406 409.0114440917969 521.3487548828125 451.466552734375
70 479.0771789550781 409.433837890625 521.9154663085938 451.2976989746094
71 480.67462158203125 408.5410461425781 523.0726928710938 450.6713562011719
72 481.99090576171875 407.97186279296875 524.7042846679688 450.62139892578125
73 481.87481689453125 407.55859375 524.979248046875 450.5419616699219
74 482.1803283691406 406.585693359375 525.6788940429688 450.3053894042969
75 482.81494140625 405.8116149902344 526.929443359375 450.10748291015625
76 483.30584716796875 405.1171875 527.99853515625 449.62969970703125
77 484.32098388671875 403.7533874511719 529.4186401367188 448.8875427246094
78 485.0454406738281 402.5308532714844 530.24560546875 448.251220703125
79 486.2004699707031 401.46832275390625 531.3027954101562 447.6466369628906
80 487.0262145996094 400.4183654785156 532.4690551757812 446.83892822265625
81 486.8885498046875 399.61865234375 533.4591674804688 445.8924865722656
82 487.5174865722656 399.0953063964844 534.979248046875 445.7197570800781
83 488.5689697265625 397.7680969238281 536.7080688476562 445.2449645996094
84 489.54486083984375 396.0157470703125 538.1127319335938 444.6794738769531
85 489.5945129394531 394.8967590332031 537.5994873046875 443.7425537109375
86 489.6222839355469 392.9469299316406 539.2280883789062 442.4997863769531
87 490.1581115722656 391.45404052734375 540.6819458007812 441.3675537109375
88 491.4562072753906 389.412841796875 542.7988891601562 440.2650451660156
89 491.71917724609375 387.0198059082031 544.1953735351562 439.71337890625
90 491.8564453125 385.2300720214844 545.10595703125 439.1938781738281
91 492.8343200683594 385.077392578125 545.5341186523438 438.2518615722656
92 493.0340270996094 383.385498046875 546.2978515625 437.78045654296875
93 493.7205505371094 381.50067138671875 547.4232788085938 436.8017883300781
94 494.1122131347656 380.4306335449219 547.9511108398438 436.615234375
95 494.6448669433594 378.49017333984375 548.594482421875 435.4474182128906
96 495.6231994628906 376.354248046875 550.6366577148438 433.96875
97 495.96246337890625 375.9769592285156 551.3480834960938 433.5777893066406
98 497.3256530761719 374.8341064453125 552.7445068359375 433.2189025878906
99 495.04400634765625 371.18402099609375 554.1123046875 433.0329284667969
100 494.4331359863281 369.27471923828125 555.7381591796875 432.2828674316406
101 494.7198181152344 367.7441711425781 557.9913330078125 431.92816162109375
102 495.7711181640625 367.2237548828125 559.31494140625 431.4180603027344
103 496.7196350097656 368.25421142578125 560.07763671875 431.18377685546875
104 497.6309814453125 368.68731689453125 561.4509887695312 430.7074279785156
105 498.95428466796875 367.313232421875 563.3643188476562 430.8270568847656
106 499.38177490234375 365.7006530761719 564.4229736328125 431.2145080566406
107 500.78460693359375 363.4386901855469 564.8887329101562 429.884033203125
108 500.3144836425781 359.8802185058594 565.6111450195312 428.92169189453125
109 500.3583068847656 357.815185546875 566.2669067382812 428.0494079589844
110 500.9466552734375 357.4757995605469 567.057861328125 427.1756286621094
111 502.3164978027344 356.9540710449219 568.4407958984375 426.17657470703125
112 503.75128173828125 356.44921875 570.1030883789062 425.63153076171875
113 504.032958984375 356.647216796875 571.6815185546875 425.6036376953125
114 504.1278381347656 353.781005859375 572.6103515625 423.5423889160156
115 503.712646484375 351.6459045410156 573.04150390625 422.198486328125
116 503.71693714662695 353.4950279514354 572.2255017484352 423.4811146361581
117 502.4749450683594 349.9114074707031 572.8681030273438 422.04248046875
118 503.4573059082031 346.9048156738281 573.507080078125 419.4141540527344
119 503.27662350784817 349.3040166924487 573.0269412330073 421.0879758025942
120 503.27662350784817 349.3040166924487 573.0269412330073 421.0879758025942
121 503.27662350784817 349.3040166924487 573.0269412330073 421.0879758025942
122 503.27662350784817 349.3040166924487 573.0269412330073 421.0879758025942
123 503.27662350784817 349.3040166924487 573.0269412330073 421.0879758025942
124 503.27662350784817 349.3040166924487 573.0269412330073 421.0879758025942
125 498.6649169921875 333.29302978515625 574.4295043945312 410.7459716796875
126 496.5406799316406 327.0655517578125 575.1966552734375 405.95550537109375
127 494.3043518066406 323.48297119140625 573.0642700195312 402.85565185546875
128 492.7377014160156 320.1171569824219 571.9866333007812 400.2579040527344
129 489.4659729003906 317.5570373535156 570.90576171875 398.3762512207031
130 487.2239074707031 314.4214172363281 570.7078857421875 396.4764099121094
131 483.08245849609375 309.45220947265625 570.2538452148438 394.1279602050781
132 481.5886535644531 306.6185302734375 568.5325927734375 391.3072509765625
133 481.3761901855469 300.33294677734375 572.1148681640625 389.478759765625
134 482.7162780761719 297.75567626953125 576.0759887695312 387.2940979003906
135 487.2763671875 296.7142333984375 577.9235229492188 385.27215576171875
136 492.5173645019531 292.0816345214844 584.0143432617188 384.07342529296875
137 495.19732666015625 290.04815673828125 589.00341796875 382.38604736328125
138 499.70562744140625 287.6913146972656 595.4461669921875 381.3678894042969
139 502.66009521484375 287.0323791503906 600.4020385742188 381.52191162109375
140 399.02984619140625 297.288330078125 462.54559326171875 371.18780517578125
141 377.95697021484375 299.25213623046875 461.04296875 371.85491943359375
142 508.8389587402344 281.9043884277344 609.8714599609375 378.1698913574219
143 509.16754150390625 277.3935546875 615.8639526367188 377.539306640625
144 485.1806273252237 283.2001568062708 584.1374529598287 376.8755344708212
145 526.7435913085938 274.23492431640625 623.6495971679688 374.17034912109375
146 527.3551025390625 270.1454162597656 627.6475830078125 370.53564453125
147 528.0371704101562 268.0990905761719 631.167724609375 368.90411376953125
148 531.57275390625 265.4257507324219 634.5442504882812 370.1884460449219
149 526.9603210376605 268.3455176128919 629.0066949054483 370.57757475574465
150 526.9603210376605 268.3455176128919 629.0066949054483 370.57757475574465
151 526.9603210376605 268.3455176128919 629.0066949054483 370.57757475574465
152 526.9603210376605 268.3455176128919 629.0066949054483 370.57757475574465
153 452.34613037109375 328.22186279296875 501.07049560546875 376.71063232421875