103 -1 -1 -1 -1
0 432 429 487 483
1 441.16754150390625 424.4149475097656 492.72808837890625 479.2134704589844
2 445.0014953613281 418.2936706542969 498.2076110839844 473.0065612792969
3 452.4642028808594 412.19354248046875 504.2869567871094 466.07086181640625
4 459.2010803222656 406.0228271484375 511.5177307128906 457.36279296875
5 465.7565002441406 397.93707275390625 516.4375610351562 449.6982421875
6 471.7020263671875 392.5786437988281 520.8197021484375 443.28521728515625
7 476.1275329589844 387.5511779785156 525.0813598632812 437.966796875
8 481.1812438964844 381.2566833496094 529.9900512695312 431.8179931640625
9 484.7273864746094 378.1072082519531 532.2459716796875 427.4737854003906
10 486.98895263671875 375.5620422363281 534.2711181640625 423.91534423828125
11 490.6680908203125 371.0662841796875 538.72607421875 420.5348815917969
12 491.7280578613281 366.8351745605469 541.4837036132812 417.29705810546875
13 492.73590087890625 363.6379089355469 543.7158203125 413.88470458984375
14 494.2860107421875 361.30169677734375 545.7340087890625 411.33038330078125
15 498.16839599609375 359.08984375 547.1024169921875 407.2451171875
16 499.4233093261719 357.5880126953125 547.5333862304688 405.8199157714844
17 500.45001220703125 355.5790100097656 548.6361083984375 404.6245422363281
18 503.348388671875 352.3510437011719 550.363037109375 400.9609375
19 505.01104736328125 351.76873779296875 551.7493286132812 400.1525573730469
20 506.32647705078125 350.6761169433594 553.3687744140625 399.2507019042969
21 508.6617126464844 348.781982421875 555.7869262695312 396.49053955078125
22 510.13677978515625 347.25714111328125 558.3186645507812 395.4640808105469
23 511.4129943847656 345.7001037597656 560.2828979492188 394.6636047363281
24 513.3125 344.6600036621094 561.6787719726562 394.2464294433594
25 514.1433715820312 344.71868896484375 562.8172607421875 394.93011474609375
26 516.1708984375 344.42071533203125 565.3018798828125 394.4250183105469
27 518.2189331054688 344.6424865722656 567.5154418945312 395.0501403808594
28 520.2861938476562 345.9012145996094 569.0949096679688 396.0987854003906
29 523.1805419921875 347.365478515625 573.0108642578125 397.3898620605469
30 525.3687744140625 348.8800048828125 575.9161987304688 398.5252380371094
31 527.3883056640625 350.07757568359375 577.2061157226562 400.066162109375
32 529.9314575195312 350.4581604003906 579.9227294921875 400.6743469238281
33 532.60546875 352.5845031738281 583.3441772460938 402.9992980957031
34 535.3453979492188 354.4433288574219 586.2853393554688 404.9739074707031
35 537.9140014648438 356.41534423828125 588.5184326171875 406.24609375
36 540.5305786132812 358.1028137207031 592.9476928710938 407.4114685058594
37 541.8558959960938 358.54888916015625 594.6358642578125 408.7268981933594
38 544.7149047851562 359.36041259765625 596.5499877929688 409.575439453125
39 548.5648803710938 359.8590087890625 600.92431640625 412.3129577636719
40 551.3178100585938 360.1177978515625 604.6703491210938 413.8050842285156
41 553.3231811523438 360.09515380859375 608.5585327148438 415.15765380859375
42 555.329833984375 359.3322448730469 612.69091796875 416.6292724609375
43 555.3152465820312 360.5500183105469 613.6351928710938 419.042236328125
44 558.3316650390625 362.0368957519531 615.0443725585938 420.4971618652344
45 559.0635986328125 363.9652099609375 615.79345703125 421.91217041015625
46 559.401123046875 365.1896057128906 617.2299194335938 423.4790954589844
47 557.119384765625 366.2508239746094 616.1701049804688 425.7314758300781
48 554.5836791992188 366.48345947265625 615.1485595703125 427.42279052734375
49 552.1497802734375 366.9718322753906 615.2505493164062 429.80560302734375
50 550.6675415039062 367.67913818359375 615.08056640625 431.80859375
51 551.1537475585938 367.9521789550781 616.8098754882812 432.85406494140625
52 550.5851440429688 369.5815124511719 616.396240234375 434.48394775390625
53 546.391357421875 370.9544677734375 616.2010498046875 436.7093811035156
54 544.5769653320312 371.9217834472656 614.37841796875 438.9292297363281
55 543.1445922851562 374.014404296875 612.92919921875 442.8214111328125
56 539.4016723632812 379.21136474609375 610.7251586914062 447.3221130371094
57 538.5199584960938 380.58380126953125 610.9717407226562 449.6961669921875
58 536.8882446289062 381.7117919921875 609.775146484375 452.4845275878906
59 536.3784790039062 382.4020690917969 609.0703125 455.68023681640625
60 533.3419189453125 383.323486328125 609.1128540039062 458.0970153808594
61 528.9356689453125 383.5132751464844 608.1322021484375 460.0968017578125
62 525.35693359375 384.0194091796875 605.239990234375 462.7908935546875
63 519.1012573242188 385.0485534667969 600.376220703125 464.4235534667969
64 377.09442138671875 352.5830078125 396.81292724609375 370.903076171875
65 450.51430636140293 368.41635570243864 500.25801513399244 416.622280378257
66 497.3974609375 377.37200927734375 584.5789794921875 463.12213134765625
67 360.25567626953125 357.75299072265625 383.15362548828125 379.661376953125
68 489.7584228515625 369.73297119140625 582.3860473632812 457.70489501953125
69 489.78057861328125 362.52191162109375 582.3849487304688 453.3518981933594
70 489.5194091796875 355.7240295410156 586.64453125 449.0014953613281
71 493.2141418457031 350.0234069824219 593.1438598632812 444.68243408203125
72 486.88850822012444 355.19898469145653 581.3544381331972 445.47755855724085
73 338.8155822753906 344.8780212402344 361.0871276855469 364.6462097167969
74 412.85204524775753 350.03850296584545 471.220782909372 405.06188413701886
75 331.5886535644531 334.866455078125 355.6864318847656 355.515869140625
76 242.48056030273438 292.15765380859375 299.0987854003906 353.01165771484375
77 331.6484375 328.231201171875 355.3221435546875 350.4107666015625