203 -1 -1 -1 -1
0 434 434 485 483
1 440.8582763671875 436.3345031738281 490.292724609375 486.6749572753906
2 440.85394287109375 436.3431396484375 490.29241943359375 486.6737976074219
3 444.7193603515625 435.54559326171875 494.11468505859375 484.809814453125
4 446.27996826171875 434.5892639160156 495.6413879394531 483.5529479980469
5 449.92974853515625 431.3560791015625 498.42999267578125 479.79949951171875
6 451.1566467285156 429.6910095214844 499.36968994140625 478.0434875488281
7 456.2468566894531 428.8886413574219 502.9346923828125 477.8658447265625
8 458.46453857421875 427.2057800292969 504.5242919921875 476.4687194824219
9 460.9991760253906 428.7615051269531 507.2526550292969 477.375732421875
10 462.16802978515625 428.43408203125 508.4884948730469 476.8583068847656
11 464.45611572265625 428.8785400390625 510.0156555175781 476.0010681152344
12 465.8622741699219 426.8944396972656 510.9814758300781 473.6128234863281
13 467.9027099609375 427.0598449707031 513.2110595703125 472.2313537597656
14 469.22662353515625 425.25299072265625 514.4843139648438 469.9312438964844
15 471.2373046875 425.5087890625 515.8018188476562 470.7926330566406
16 472.64996337890625 423.5009460449219 516.7998657226562 469.0599060058594
17 475.2068786621094 423.44287109375 519.1890258789062 469.1007995605469
18 476.112548828125 422.5275573730469 520.075439453125 468.3148193359375
19 477.30511474609375 423.8857421875 521.2017822265625 467.9991455078125
20 478.5819091796875 422.1764221191406 522.2840576171875 465.70941162109375
21 479.4215393066406 423.01055908203125 523.4568481445312 466.0644226074219
22 480.0815124511719 421.24908447265625 524.12158203125 464.2405090332031
23 479.9896545410156 422.1157531738281 524.2809448242188 465.53729248046875
24 481.00164794921875 419.9712219238281 525.2045288085938 463.5951843261719
25 480.69244384765625 420.1812438964844 525.9685668945312 465.1860046386719
26 481.5173034667969 418.12017822265625 527.0336303710938 463.69189453125
27 483.14117431640625 421.1563720703125 526.9146728515625 465.3013610839844
28 484.8076477050781 420.0263671875 527.7105102539062 463.6532287597656
29 486.1011657714844 421.7366943359375 528.2669677734375 463.9317321777344
30 487.47100830078125 420.46441650390625 529.225341796875 462.1821594238281
31 488.72113037109375 421.2334289550781 530.5715942382812 463.656982421875
32 489.4000549316406 419.2192687988281 531.1534423828125 462.02703857421875
33 491.4106750488281 419.1424560546875 531.6389770507812 462.1003112792969
34 492.2239074707031 418.28582763671875 531.9053344726562 461.3656921386719
35 493.8601989746094 419.2010803222656 532.9171752929688 461.47003173828125
36 494.6034240722656 418.7481994628906 533.4429321289062 460.7660827636719
37 494.6871643066406 418.9198913574219 535.0048217773438 460.1761474609375
38 495.39703369140625 417.75225830078125 536.1646728515625 458.73370361328125
39 495.8985595703125 417.9971008300781 537.3409423828125 458.4229431152344
40 496.7593688964844 416.87957763671875 538.3613891601562 457.11846923828125
41 498.4741516113281 416.25982666015625 539.876708984375 456.4332580566406
42 499.3638610839844 415.3250732421875 540.6771240234375 455.51800537109375
43 500.5032653808594 415.7614440917969 542.0725708007812 456.1198425292969
44 501.68994140625 414.630615234375 543.241943359375 455.05126953125
45 501.79888916015625 414.4419250488281 544.1738891601562 454.53643798828125
46 502.5013122558594 413.4005126953125 545.0914916992188 453.368896484375
47 504.0450439453125 413.463134765625 545.8922119140625 452.7829284667969
48 504.82708740234375 412.9694519042969 546.3657836914062 452.0653076171875
49 507.7479553222656 413.2419738769531 547.6400146484375 452.3589172363281
50 508.9854736328125 412.87872314453125 548.2371826171875 452.0146789550781
51 510.7716064453125 413.924072265625 550.1752319335938 452.6925964355469
52 511.8683776855469 413.7392272949219 551.2733764648438 452.3523254394531
53 513.8079833984375 411.5516052246094 554.6021728515625 451.7222595214844
54 514.6756591796875 410.39508056640625 555.9637451171875 451.132568359375
55 516.5372924804688 410.0809631347656 558.2660522460938 450.3004150390625
56 517.5264892578125 409.6872253417969 559.380859375 449.6961669921875
57 520.0323486328125 410.307373046875 560.89794921875 449.16632080078125
58 521.2514038085938 410.2966613769531 561.6946411132812 448.7093505859375
59 523.9625854492188 409.2895202636719 562.8621826171875 447.7748107910156
60 524.9638671875 408.6947937011719 563.2721557617188 447.21392822265625
61 526.5999145507812 406.54754638671875 564.1182250976562 445.4444885253906
62 527.3119506835938 405.5565490722656 564.5245971679688 444.57916259765625
63 528.60693359375 404.7414855957031 566.4664916992188 443.5467529296875
64 529.1940307617188 404.3004150390625 567.2686157226562 443.01519775390625
65 530.3720092773438 403.12640380859375 569.015625 441.55230712890625
66 531.2160034179688 402.42425537109375 570.0143432617188 440.6993103027344
67 532.7264404296875 401.2958068847656 571.806396484375 439.7781982421875
68 533.573974609375 400.70245361328125 572.7130126953125 439.2282409667969
69 534.1505737304688 397.8910217285156 575.1770629882812 438.9217834472656
70 534.552001953125 396.7315368652344 576.23779296875 438.6536865234375
71 536.8845825195312 395.9351501464844 578.0308227539062 438.2746276855469
72 537.8800659179688 395.595458984375 578.7689819335938 438.04718017578125
73 539.6265258789062 395.0920104980469 579.7573852539062 437.5055236816406
74 540.364013671875 394.8523254394531 580.1693725585938 437.2048645019531
75 541.9972534179688 394.40423583984375 581.3004760742188 435.9961853027344
76 543.0222778320312 393.9482116699219 582.058837890625 435.173095703125
77 544.8006591796875 393.36676025390625 584.4851684570312 433.5364990234375
78 545.6400146484375 393.0045166015625 585.5243530273438 432.73309326171875
79 546.7681274414062 392.71197509765625 586.7603759765625 431.9664001464844
80 547.3096313476562 392.48931884765625 587.3056030273438 431.5419921875
81 548.6232299804688 390.98223876953125 588.4389038085938 429.7993469238281
82 549.2669067382812 390.3093566894531 588.9738159179688 429.0142517089844
83 550.8169555664062 389.66937255859375 589.4501953125 427.9602355957031
84 551.5546875 389.3856201171875 589.7455444335938 427.4930419921875
85 552.0753173828125 387.7817687988281 591.4168090820312 427.26708984375
86 552.4151611328125 387.15484619140625 592.1449584960938 427.11639404296875
87 553.6156616210938 385.446044921875 593.3192749023438 425.5395202636719
88 554.1973266601562 384.80474853515625 593.8526611328125 424.910400390625
89 555.0366821289062 383.762451171875 595.0364379882812 423.4606018066406
90 555.67919921875 383.331787109375 595.7510375976562 422.81671142578125
91 556.4815673828125 382.1120300292969 596.9099731445312 421.3800048828125
92 556.862060546875 381.7359313964844 597.3916625976562 420.8880615234375
93 557.5768432617188 379.8166809082031 599.3562622070312 420.5220642089844
94 557.9785766601562 379.1526184082031 600.1843872070312 420.3946228027344
95 558.1776733398438 378.2652282714844 601.2593383789062 418.5177001953125
96 558.9083862304688 377.7884826660156 602.2178955078125 417.5510559082031
97 559.750732421875 375.8609924316406 603.4908447265625 416.6669616699219
98 560.2318115234375 375.2083740234375 604.0805053710938 416.36053466796875
99 559.9163208007812 371.18072509765625 604.8151245117188 414.9713134765625
100 559.9611206054688 369.7335205078125 605.2024536132812 414.46484375
101 559.9094848632812 367.8746032714844 605.5750732421875 412.9013977050781
102 560.2251586914062 367.2712097167969 605.9706420898438 412.3309020996094
103 561.4340209960938 365.164306640625 606.213623046875 410.4313049316406
104 562.1879272460938 364.5583190917969 606.5183715820312 409.8262939453125
105 562.5191040039062 362.89642333984375 607.399169921875 407.6919250488281
106 562.8289184570312 362.46630859375 607.8609008789062 407.01141357421875
107 562.9384765625 362.2298889160156 607.5128173828125 405.9815368652344
108 563.1416625976562 362.29046630859375 607.48486328125 405.6803283691406
109 563.5116577148438 361.49554443359375 607.2708129882812 404.2340393066406
110 563.791748046875 361.3083801269531 607.2830810546875 403.7543640136719
111 564.135986328125 359.6302490234375 607.1360473632812 401.7848815917969
112 564.7210693359375 359.05487060546875 607.4561767578125 401.0190734863281
113 564.9759521484375 357.4029846191406 608.1280517578125 399.68798828125
114 565.1798095703125 356.91143798828125 608.4448852539062 399.26898193359375
115 565.31298828125 354.4148864746094 609.3831787109375 396.86956787109375
116 565.4398803710938 353.6323547363281 609.76708984375 396.070556640625
117 564.7823486328125 349.8758544921875 610.4166870117188 394.2116394042969
118 564.6065673828125 348.6628112792969 610.6843872070312 393.647705078125
119 563.9774780273438 347.2314453125 610.6484985351562 391.70697021484375
120 563.861328125 346.97088623046875 610.6986694335938 391.1731262207031
121 563.029052734375 345.24969482421875 610.2445068359375 390.0382080078125
122 563.3198852539062 344.8212890625 610.574951171875 389.72503662109375
123 562.7357788085938 342.8823547363281 610.3516235351562 388.0102844238281
124 562.5918579101562 342.35992431640625 610.2898559570312 387.5076599121094
125 562.147216796875 338.1358337402344 610.2237548828125 385.29412841796875
126 562.05712890625 336.7314453125 610.2210693359375 384.5790100097656
127 559.8474731445312 333.4523620605469 609.1985473632812 383.6736755371094
128 559.0459594726562 332.3948974609375 608.7997436523438 383.4537048339844
129 557.5215454101562 331.33233642578125 608.5971069335938 382.0792236328125
130 557.0306396484375 331.1105651855469 608.5576171875 381.654052734375
131 555.4766235351562 330.2635803222656 606.7838134765625 380.9700927734375
132 554.9031982421875 330.12042236328125 606.0772705078125 380.8234558105469
133 550.0927734375 329.15313720703125 601.8322143554688 379.24786376953125
134 548.7745361328125 328.865966796875 600.630859375 378.6452331542969
135 544.3030395507812 328.26983642578125 595.2664184570312 376.7977600097656
136 543.6888427734375 328.14117431640625 594.140380859375 376.0586853027344
137 540.5348510742188 326.8553161621094 590.8814697265625 375.11236572265625
138 540.3243408203125 326.4256591796875 590.4898681640625 374.7007141113281
139 538.3382568359375 324.4447937011719 588.327880859375 373.9256286621094
140 537.8043823242188 323.9303894042969 587.6887817382812 373.81494140625
141 533.2797241210938 320.38397216796875 583.7196655273438 370.6948547363281
142 531.8154907226562 319.3666076660156 582.4228515625 369.7803039550781
143 527.2882080078125 314.7210998535156 580.6195068359375 367.76373291015625
144 525.8082275390625 313.4472961425781 580.10888671875 367.404052734375
145 523.18115234375 312.4530334472656 575.9393920898438 365.715087890625
146 522.9335327148438 312.5625305175781 574.9569091796875 365.42095947265625
147 518.9122924804688 308.9688720703125 575.3997802734375 366.0588684082031
148 518.3223266601562 307.9933166503906 576.3160400390625 366.5037536621094
149 518.4865112304688 306.00006103515625 574.3012084960938 364.5426330566406
150 520.2319946289062 305.7318115234375 574.9852294921875 364.04852294921875
151 520.4706420898438 301.8665771484375 576.5531005859375 363.05145263671875
152 521.5264892578125 300.9989013671875 577.9580078125 363.06878662109375
153 520.8133237116962 302.6554316651937 576.8970889952986 363.4827300821595
154 520.8133237116962 302.6554316651937 576.8970889952986 363.4827300821595
155 520.8133237116962 302.6554316651937 576.8970889952986 363.4827300821595
156 520.8133237116962 302.6554316651937 576.8970889952986 363.4827300821595
157 520.8133237116962 302.6554316651937 576.8970889952986 363.4827300821595
158 520.8133237116962 302.6554316651937 576.8970889952986 363.4827300821595
159 520.8133237116962 302.6554316651937 576.8970889952986 363.4827300821595
160 520.8133237116962 302.6554316651937 576.8970889952986 363.4827300821595
161 520.8133237116962 302.6554316651937 576.8970889952986 363.4827300821595
162 520.8133237116962 302.6554316651937 576.8970889952986 363.4827300821595
163 520.8133237116962 302.6554316651937 576.8970889952986 363.4827300821595
164 520.8133237116962 302.6554316651937 576.8970889952986 363.4827300821595
165 520.8133237116962 302.6554316651937 576.8970889952986 363.4827300821595
166 520.8133237116962 302.6554316651937 576.8970889952986 363.4827300821595