203 -1 -1 -1 -1
0 471 377 522 426
1 470.74749755859375 376.93475341796875 517.8257446289062 424.27569580078125
2 477.1045227050781 373.4005126953125 526.1404418945312 422.5136413574219
3 478.6331787109375 372.4638671875 528.0257568359375 421.9249572753906
4 485.6346435546875 365.3017272949219 533.3256225585938 415.63458251953125
5 488.22637939453125 362.7572021484375 535.3235473632812 413.3568420410156
6 494.2816467285156 359.75079345703125 541.7509765625 408.164306640625
7 497.1448974609375 358.132080078125 544.6321411132812 405.6861877441406
8 501.7366638183594 352.8670349121094 548.0770263671875 401.5386657714844
9 503.46868896484375 350.8811950683594 549.4022216796875 400.00677490234375
10 508.2901611328125 347.09930419921875 555.0435180664062 394.58251953125
11 510.3465270996094 345.7293395996094 557.371826171875 392.59246826171875
12 514.6203002929688 342.6303405761719 561.0377807617188 389.76373291015625
13 516.5238037109375 341.4979553222656 562.659912109375 388.7157287597656
14 518.5374755859375 338.6794738769531 564.8023071289062 386.62725830078125
15 520.928466796875 336.5810546875 567.0135498046875 384.6116638183594
16 524.77197265625 333.7065124511719 571.3692016601562 381.0032043457031
17 526.7315673828125 332.4867248535156 573.4658813476562 379.5072326660156
18 529.123046875 330.6613464355469 576.0652465820312 376.42816162109375
19 530.6303100585938 329.768798828125 577.584716796875 375.07525634765625
20 533.5621948242188 326.9566345214844 579.9072265625 373.6470031738281
21 534.8626098632812 325.8014221191406 580.9547119140625 373.0140686035156
22 535.9760131835938 325.6915588378906 582.7764282226562 372.3489685058594
23 538.387939453125 324.2418518066406 585.1719360351562 370.49395751953125
24 540.9312133789062 322.3412170410156 587.9533081054688 368.4858703613281
25 542.3025512695312 321.3536376953125 589.3809814453125 367.4856872558594
26 542.7365112304688 319.8913879394531 589.9876098632812 366.0869445800781
27 544.820556640625 317.9963684082031 591.8642578125 364.11138916015625
28 545.1393432617188 315.8222961425781 592.982666015625 364.1820068359375
29 546.3019409179688 314.3183288574219 594.3279418945312 363.5091247558594
30 546.029541015625 313.6812438964844 594.1303100585938 363.9808349609375
31 548.2880249023438 311.6646423339844 596.0643920898438 362.1605224609375
32 547.9044799804688 313.0230407714844 595.50537109375 363.02435302734375
33 550.1752319335938 311.6216125488281 597.3450317382812 361.1586608886719
34 550.615478515625 312.0458679199219 596.6823120117188 360.1501770019531
35 552.5154418945312 311.05035400390625 597.9163818359375 358.5632629394531
36 551.90283203125 311.521484375 598.1139526367188 359.8083801269531
37 554.1731567382812 309.593994140625 600.3493041992188 357.9023742675781
38 553.5588989257812 310.0409851074219 601.72900390625 358.9319763183594
39 555.694091796875 308.4111022949219 604.2703857421875 357.3145446777344
40 556.928955078125 308.25347900390625 605.3845825195312 357.04840087890625
41 558.2290649414062 307.4144287109375 606.5122680664062 356.19012451171875
42 557.527099609375 307.54541015625 607.617919921875 356.8410339355469
43 559.4511108398438 305.89617919921875 609.875244140625 355.17681884765625
44 559.931640625 306.9652404785156 609.7388305664062 354.8804626464844
45 562.1900024414062 305.9127502441406 611.4019165039062 353.1328125
46 563.6168823242188 302.590576171875 612.8045043945312 353.06024169921875
47 564.6187744140625 300.999755859375 613.7485961914062 352.65606689453125
48 566.9829711914062 301.0251770019531 616.66357421875 352.37451171875
49 567.9376831054688 300.8421630859375 617.8187255859375 352.0769348144531
50 570.8939819335938 300.85455322265625 621.3284301757812 352.39288330078125
51 572.0942993164062 300.5448303222656 622.7249755859375 352.20562744140625
52 574.7598266601562 300.4140625 625.3240966796875 351.7359619140625
53 575.8285522460938 300.10687255859375 626.3535766601562 351.30828857421875
54 577.9837646484375 298.9105529785156 627.8726806640625 350.6351623535156
55 579.359130859375 297.7479553222656 628.89501953125 349.6641540527344
56 581.7255859375 296.2135009765625 633.640380859375 350.5962829589844
57 582.6763916015625 295.27935791015625 635.4590454101562 350.59564208984375
58 585.760009765625 296.2997741699219 638.4801025390625 350.7554626464844
59 586.9489135742188 296.3052978515625 639.6235961914062 350.41876220703125
60 590.2990112304688 296.3247375488281 642.4693603515625 349.3736267089844
61 591.4318237304688 296.01593017578125 643.4083251953125 348.65533447265625
62 594.27978515625 295.4389953613281 646.2633666992188 349.5573425292969
63 595.474365234375 294.89617919921875 647.42529296875 349.5557861328125
64 598.6563110351562 294.1106872558594 652.0204467773438 350.0176696777344
65 599.7401733398438 293.5049743652344 653.63330078125 349.88177490234375
66 602.4373779296875 293.3951416015625 657.4358520507812 349.9119567871094
67 603.4786376953125 293.10687255859375 658.87646484375 349.6697998046875
68 607.1190185546875 293.130859375 661.2388916015625 348.4448547363281
69 608.6577758789062 292.8650207519531 662.2410888671875 347.71185302734375
70 610.2716674804688 291.76519775390625 665.75927734375 347.30657958984375
71 610.9622192382812 291.13421630859375 667.13916015625 346.93890380859375
72 613.39794921875 290.3613586425781 670.0398559570312 346.8980712890625
73 614.4534912109375 289.8463439941406 671.2412719726562 346.6797180175781
74 616.0245361328125 288.74066162109375 673.0626220703125 346.8021240234375
75 617.3939208984375 287.792236328125 674.3565063476562 346.27435302734375
76 619.0214233398438 287.187744140625 676.424072265625 346.1446533203125
77 619.7741088867188 286.74798583984375 677.3128662109375 345.8829345703125
78 621.9686889648438 286.166748046875 681.0673828125 346.0559997558594
79 622.9757690429688 285.7422180175781 682.630126953125 345.9137268066406
80 624.3668212890625 284.39508056640625 684.3741455078125 344.671875
81 625.0604248046875 283.5908508300781 685.1600952148438 343.8702697753906
82 625.58837890625 280.60498046875 687.4635009765625 343.309326171875
83 625.9658813476562 279.3218688964844 688.4749145507812 342.9332580566406
84 627.8097534179688 278.4766540527344 691.0407104492188 342.9094543457031
85 628.7589721679688 277.9137268066406 692.213134765625 342.6493835449219
86 630.0737915039062 277.81939697265625 693.4451293945312 342.4865417480469
87 630.9367065429688 277.49359130859375 694.2072143554688 342.1383056640625
88 630.0226440429688 276.0678405761719 695.0311889648438 342.752197265625
89 631.6593017578125 274.66217041015625 696.906005859375 341.8924560546875
90 630.7695922851562 273.9967956542969 698.0824584960938 343.07220458984375
91 632.3673706054688 272.1512756347656 699.8872680664062 341.4237365722656
92 632.36572265625 271.9757080078125 700.9364013671875 342.9627380371094
93 633.9325561523438 269.85809326171875 702.15234375 340.739990234375
94 633.511474609375 271.5663757324219 703.0264282226562 342.5534973144531
95 635.0260009765625 270.2269287109375 704.2940063476562 340.4942932128906
96 634.2810668945312 269.50341796875 704.9677734375 338.60784912109375
97 634.3402099609375 269.1437072753906 705.494873046875 337.82830810546875
98 634.473876953125 267.9996337890625 706.047119140625 336.9870300292969
99 634.6138916015625 267.5635070800781 706.3131103515625 336.6665954589844
100 631.3385009765625 264.9286804199219 704.831298828125 337.7587585449219
101 632.2971801757812 263.04931640625 705.9566040039062 337.04498291015625
102 628.7950439453125 263.460205078125 704.2796630859375 340.020263671875
103 629.4185791015625 261.2624206542969 704.7555541992188 338.0107116699219
104 624.0108642578125 261.88262939453125 703.0415649414062 339.9560241699219
105 624.194580078125 259.6776123046875 703.7633666992188 337.36041259765625
106 619.8925170898438 261.22601318359375 698.56005859375 339.61920166015625
107 620.7372436523438 259.33673095703125 698.14208984375 337.1373291015625
108 615.533935546875 261.2048034667969 694.0919189453125 340.1318664550781
109 616.0792846679688 259.3491516113281 694.2315673828125 337.8923645019531
110 609.3103637695312 260.535400390625 689.0205078125 340.026123046875
111 609.3363647460938 259.2416076660156 688.9352416992188 338.6941833496094
112 603.1764526367188 261.1434326171875 684.4461059570312 342.3301086425781
113 603.1856079101562 259.12493896484375 684.199951171875 340.1124572753906
114 595.6519775390625 260.4266052246094 678.8289794921875 343.45660400390625
115 595.1818237304688 258.2339172363281 678.2527465820312 341.1512756347656
116 587.7154541015625 260.0242919921875 673.882080078125 345.0033874511719
117 587.2918701171875 258.0279846191406 673.6932983398438 342.8655700683594
118 580.4730224609375 259.5479736328125 668.3387451171875 347.2936706542969
119 580.4037475585938 257.2718200683594 667.5879516601562 345.2015686035156
120 570.5215454101562 258.0589904785156 660.338623046875 349.19976806640625
121 569.2801513671875 255.4762725830078 659.1633911132812 346.9188537597656
122 560.8486938476562 257.9998779296875 653.4368896484375 350.5458679199219
123 560.3179931640625 256.0574645996094 652.9639282226562 348.03839111328125
124 551.0328979492188 257.80499267578125 643.8419189453125 350.05316162109375
125 550.4024047851562 255.79188537597656 642.33154296875 347.2704772949219
126 539.6595458984375 257.0456237792969 633.5945434570312 351.1541748046875
127 538.7174072265625 254.9583740234375 632.559814453125 349.4657287597656
128 527.0652465820312 254.80154418945312 623.3909912109375 349.0556640625
129 523.0167236328125 254.43092346191406 620.2637939453125 348.6693115234375
130 508.87255859375 257.0279846191406 608.4982299804688 352.3655700683594
131 506.9020080566406 255.54605102539062 606.5029296875 350.7574768066406
132 496.4152526855469 255.40452575683594 595.5682373046875 353.9344177246094
133 495.9008483886719 253.43359375 594.0217895507812 352.8385009765625
134 484.23541259765625 253.35409545898438 590.2190551757812 355.1117248535156
135 483.0556945800781 251.27847290039062 591.1591796875 353.5242614746094
136 462.8882141113281 250.7201385498047 583.2587890625 365.27880859375
137 458.3182678222656 249.1944580078125 582.6024169921875 368.00250244140625
138 451.73638916015625 248.32872009277344 592.4344482421875 372.85784912109375
139 449.470703125 247.7525177001953 596.4821166992188 374.552490234375
140 445.96099853515625 249.58966064453125 574.8363037109375 369.9144592285156
141 445.25030517578125 250.06483459472656 566.0890502929688 367.80670166015625
142 434.1805114746094 251.4308319091797 559.814208984375 381.415283203125
143 430.72076416015625 251.44667053222656 557.9750366210938 385.9524841308594
144 423.706787109375 250.23699951171875 555.66259765625 392.1026916503906
145 421.5632629394531 249.5056915283203 555.21630859375 394.2412414550781
146 415.64849853515625 247.58291625976562 531.1722412109375 368.6368103027344
147 414.33282470703125 246.6046905517578 522.120849609375 357.43701171875
148 405.5290222167969 246.3106689453125 516.8695678710938 363.50445556640625
149 403.03753662109375 245.95330810546875 515.5594482421875 365.1407470703125
150 397.24005126953125 245.0801544189453 503.57452392578125 372.5506286621094
151 395.72613525390625 244.7526092529297 499.6322326660156 375.2335510253906
152 390.3146667480469 244.9339141845703 499.1944885253906 376.8459167480469
153 388.68145751953125 245.17416381835938 499.43377685546875 377.6039733886719
154 383.85455322265625 248.18228149414062 504.5977783203125 381.5615234375
155 382.26708984375 249.80145263671875 506.5217590332031 383.2272644042969
156 371.2491760253906 257.6391296386719 512.9593505859375 390.8667297363281
157 367.26715087890625 260.8369445800781 515.5661010742188 393.9331359863281
158 346.0362243652344 271.7931823730469 486.5666198730469 394.509521484375
159 337.7908020019531 276.0906982421875 474.8436584472656 394.7528076171875
160 348.57930061101433 270.21512210089236 487.1098633432357 393.48812224931515
161 348.57930061101433 270.21512210089236 487.1098633432357 393.48812224931515
162 168.5203094482422 220.65524291992188 221.2067413330078 281.2364807128906
163 168.54193115234375 220.60885620117188 221.15792846679688 281.2438659667969
164 213.545868090986 233.0220193557895 287.6581154024593 309.3030837239499
165 213.545868090986 233.0220193557895 287.6581154024593 309.3030837239499