207 -1 -1 -1 -1
0 460 424 506 469
1 464.1413879394531 422.99462890625 509.2758483886719 468.750244140625
2 464.1420593261719 422.9940185546875 509.2763977050781 468.74957275390625
3 465.4774169921875 425.4833679199219 511.1762390136719 471.3584289550781
4 467.6195983886719 425.2555236816406 513.3355712890625 471.04095458984375
5 469.0769958496094 422.6631774902344 513.7666625976562 469.3301086425781
6 470.9084167480469 420.8189697265625 515.0952758789062 467.681396484375
7 473.330810546875 417.4502868652344 515.7554931640625 463.76025390625
8 475.5631103515625 415.1834411621094 517.2282104492188 461.1859130859375
9 475.1380920410156 412.16204833984375 518.8201904296875 458.085693359375
10 476.56646728515625 409.7890930175781 520.793212890625 455.55413818359375
11 477.3807373046875 407.53240966796875 521.7059936523438 454.11407470703125
12 479.06402587890625 405.62933349609375 523.259765625 452.4350280761719
13 478.9225769042969 405.2549133300781 523.2667236328125 450.95855712890625
14 480.4786071777344 403.5758056640625 524.664306640625 448.6746826171875
15 481.16259765625 401.5877990722656 524.3131713867188 445.5303955078125
16 482.9447937011719 399.7359313964844 525.5230712890625 443.16705322265625
17 482.5286865234375 398.96746826171875 525.7632446289062 442.1799621582031
18 484.08819580078125 397.0412902832031 527.3571166992188 440.0235290527344
19 484.8028259277344 395.9789123535156 528.33935546875 439.2872009277344
20 486.2841491699219 394.4597473144531 529.7631225585938 437.8500061035156
21 486.8194885253906 394.8907775878906 529.729248046875 437.8573303222656
22 488.46783447265625 393.7308349609375 530.9728393554688 436.46600341796875
23 488.56976318359375 394.14410400390625 530.9527587890625 436.9958190917969
24 490.0523986816406 392.9339904785156 532.2079467773438 435.7557678222656
25 490.58270263671875 392.7973327636719 532.7153930664062 436.0198974609375
26 491.89581298828125 391.4637451171875 533.8451538085938 434.78857421875
27 492.276611328125 392.01031494140625 534.46533203125 435.0049743652344
28 493.82525634765625 390.5672302246094 535.9060668945312 433.3245544433594
29 493.5181579589844 390.3619384765625 536.3615112304688 433.447265625
30 494.7845153808594 388.7926330566406 537.71826171875 431.9002380371094
31 494.37677001953125 388.079833984375 539.1250610351562 431.5330810546875
32 495.6590576171875 386.4327392578125 540.8878173828125 429.9544677734375
33 497.9979248046875 387.7248840332031 540.74072265625 429.6264343261719
34 500.1648254394531 386.7651672363281 541.7168579101562 427.9800720214844
35 500.8958435058594 388.8895568847656 542.1632690429688 430.09332275390625
36 502.4990234375 387.46112060546875 543.4254150390625 428.441162109375
37 502.7151794433594 388.0683288574219 544.0505981445312 430.35986328125
38 504.1255187988281 386.05853271484375 545.3762817382812 428.6090087890625
39 504.4978942871094 385.5168151855469 546.0829467773438 428.9734802246094
40 505.86883544921875 383.9392395019531 547.4000854492188 427.6481628417969
41 506.0203857421875 384.5955810546875 547.5948486328125 429.1400146484375
42 507.493408203125 383.47650146484375 548.88623046875 428.2301025390625
43 507.6625061035156 386.05029296875 549.22900390625 430.3142395019531
44 509.0495910644531 384.9520263671875 550.4276733398438 428.7563171386719
45 508.9880065917969 384.55426025390625 552.2306518554688 429.06658935546875
46 510.15850830078125 383.192626953125 553.915771484375 427.8885498046875
47 509.3282165527344 384.5585021972656 555.0126953125 429.72967529296875
48 510.42913818359375 382.9792175292969 556.5402221679688 428.0450439453125
49 510.25146484375 383.8346862792969 555.8873291015625 428.72021484375
50 511.7622375488281 382.9400329589844 556.9691162109375 427.65789794921875
51 511.0775451660156 384.1381530761719 556.3076782226562 428.5325622558594
52 512.2647094726562 383.34722900390625 557.2754516601562 427.5124206542969
53 511.7394714355469 384.879638671875 557.5045776367188 429.6888122558594
54 512.9970092773438 383.3668518066406 558.7276611328125 428.1268310546875
55 512.7890625 382.015380859375 559.5178833007812 429.8083801269531
56 514.4225463867188 380.29998779296875 561.2942504882812 429.09039306640625
57 514.205810546875 378.4599914550781 561.7610473632812 430.5714416503906
58 515.87939453125 376.5097961425781 563.4286499023438 429.70501708984375
59 515.2975463867188 379.8767395019531 562.6652221679688 431.9610290527344
60 516.6275024414062 379.0946960449219 563.563232421875 430.2957763671875
61 515.7959594726562 382.5430908203125 561.878662109375 431.127197265625
62 517.3436279296875 382.71502685546875 562.8324584960938 430.1077880859375
63 515.9974365234375 383.7643737792969 561.682373046875 430.64581298828125
64 517.5584106445312 383.0469055175781 563.0718994140625 429.60589599609375
65 516.8690185546875 384.1388244628906 561.9396362304688 430.08966064453125
66 518.7037963867188 383.50885009765625 563.362548828125 429.0845642089844
67 517.3206787109375 383.65093994140625 562.4092407226562 429.7492370605469
68 518.845458984375 382.8244323730469 563.8721313476562 428.93597412109375
69 518.0405883789062 383.97113037109375 563.6881713867188 430.9222717285156
70 519.2924194335938 382.4351806640625 564.7611694335938 429.2690734863281
71 517.9537963867188 383.0296630859375 564.4647216796875 431.3330383300781
72 519.047119140625 381.21697998046875 565.5220336914062 429.6202087402344
73 516.9603881835938 380.49359130859375 564.13232421875 429.50469970703125
74 518.567626953125 379.5353088378906 565.7487182617188 428.5663146972656
75 516.941162109375 378.0423278808594 565.9168090820312 429.0676574707031
76 518.3070068359375 376.9036865234375 567.7243041992188 428.4813537597656
77 517.3062744140625 377.6761779785156 567.5327758789062 429.2889099121094
78 519.40283203125 377.187744140625 569.6471557617188 428.53326416015625
79 517.6798706054688 376.74359130859375 568.8697509765625 429.2437744140625
80 519.651611328125 375.8526916503906 570.905029296875 428.5016174316406
81 517.9884643554688 375.5790710449219 570.4370727539062 427.5715026855469
82 519.6293334960938 374.90203857421875 572.23974609375 426.3905944824219
83 518.6181640625 374.2264404296875 571.972412109375 426.606201171875
84 520.5598754882812 373.3457946777344 573.8876342773438 425.80615234375
85 520.7093505859375 374.43121337890625 574.9656372070312 427.7073059082031
86 521.8573608398438 372.9994201660156 575.8504638671875 425.982177734375
87 521.4027099609375 373.4844665527344 577.6748657226562 427.31787109375
88 522.34814453125 371.8524169921875 578.8552856445312 425.3955993652344
89 520.6576538085938 369.3019104003906 577.7197875976562 424.9994812011719
90 522.3965454101562 367.83795166015625 579.3389282226562 424.09381103515625
91 522.8340454101562 368.0071105957031 580.8380737304688 426.09039306640625
92 523.8043823242188 366.1789855957031 581.5130004882812 424.264892578125
93 524.061279296875 365.3460388183594 583.7232666015625 426.4586181640625
94 524.8609008789062 363.0481262207031 584.5642700195312 424.5998840332031
95 525.154052734375 363.6825866699219 586.6407470703125 426.1118469238281
96 525.8174438476562 361.95367431640625 587.2377319335938 423.9422607421875
97 526.45263671875 361.90826416015625 588.9238891601562 425.1419982910156
98 527.1805419921875 359.9454650878906 589.278564453125 422.8757019042969
99 526.935791015625 359.1797790527344 592.139404296875 424.7855224609375
100 527.334228515625 357.17083740234375 592.9662475585938 423.07379150390625
101 527.772705078125 358.6449890136719 595.2169189453125 425.7698059082031
102 528.3556518554688 357.248779296875 595.6060791015625 423.9620056152344
103 530.482421875 357.9689636230469 598.1465454101562 425.41351318359375
104 531.6617431640625 356.6394958496094 598.63623046875 423.6080322265625
105 532.2103271484375 356.9346618652344 599.829345703125 425.4813232421875
106 532.6566772460938 355.2362365722656 599.6311645507812 423.49267578125
107 533.002197265625 354.66302490234375 601.8552856445312 425.0575256347656
108 533.3746948242188 352.69537353515625 602.05078125 423.00054931640625
109 533.27978515625 352.5287170410156 604.1577758789062 424.4991760253906
110 533.3679809570312 350.7139587402344 604.1458129882812 422.3612060546875
111 533.7801513671875 351.5030212402344 605.7696533203125 423.70684814453125
112 534.071533203125 350.105224609375 605.5545654296875 421.54974365234375
113 533.0100708007812 349.96490478515625 606.7655639648438 422.5752258300781
114 532.7760009765625 348.3276672363281 606.3936767578125 420.4112854003906
115 532.3101806640625 347.7767028808594 608.333740234375 422.49261474609375
116 532.2564697265625 346.0926513671875 608.1597290039062 420.8321533203125
117 529.5443725585938 342.381591796875 609.4131469726562 421.88775634765625
118 528.7708129882812 339.5477600097656 609.0437622070312 419.7717590332031
119 525.5394287109375 338.3389587402344 610.0780029296875 421.1368103027344
120 524.7107543945312 336.4715576171875 609.7195434570312 419.1201171875
121 523.0985107421875 335.8476867675781 610.6390380859375 420.1507263183594
122 523.0220947265625 334.3057556152344 610.2866821289062 418.08026123046875
123 520.1094970703125 331.7637634277344 609.1200561523438 418.2697448730469
124 519.6265869140625 329.5538024902344 608.0152587890625 415.8841247558594
125 514.3836059570312 324.7059326171875 604.9949340820312 415.873779296875
126 513.0819091796875 321.716552734375 603.2222290039062 413.4195861816406
127 508.1248474121094 320.18914794921875 601.1217651367188 413.7473449707031
128 506.9053649902344 318.61419677734375 599.6610107421875 411.50115966796875
129 498.8237609863281 313.7356262207031 599.0368041992188 410.6714782714844
130 496.42352294921875 311.07220458984375 598.0233154296875 408.154052734375
131 491.3177795410156 307.26739501953125 594.2884521484375 406.40032958984375
132 490.19049072265625 305.2511901855469 592.0938110351562 403.676025390625
133 486.966796875 302.1455993652344 590.9530029296875 402.97369384765625
134 486.593017578125 300.69097900390625 589.7694091796875 400.8947448730469
135 479.7648620605469 294.5202941894531 587.9100341796875 398.0826721191406
136 477.8558349609375 291.94757080078125 586.244140625 395.2547912597656
137 471.73876953125 287.0447692871094 581.901611328125 393.4708251953125
138 469.90252685546875 285.3536376953125 578.9916381835938 391.36358642578125
139 467.350830078125 277.7424621582031 578.9995727539062 388.9900207519531
140 466.7247314453125 275.3155517578125 577.5701293945312 386.7198181152344
141 464.0876770019531 266.4499816894531 583.0973510742188 384.74237060546875
142 463.4875183105469 263.5865478515625 583.7645263671875 382.6715393066406
143 465.4891662597656 259.1199645996094 586.5093994140625 380.0703125
144 468.01910400390625 257.9008483886719 589.0427856445312 379.23431396484375
145 467.8897705078125 259.33319091796875 588.3240966796875 380.0357666015625
146 467.782958984375 259.0656433105469 587.8511352539062 379.7046813964844
147 462.6683044433594 260.331298828125 592.4310302734375 385.8357238769531
148 460.4988708496094 259.1134033203125 593.706787109375 386.748291015625
149 467.4984130859375 261.3704528808594 597.4527587890625 389.25537109375
150 470.2430419921875 260.6589050292969 598.6680908203125 388.94927978515625
151 473.6918029785156 260.228759765625 608.2313232421875 393.0289306640625
152 474.9601745605469 258.6121826171875 611.6155395507812 393.355712890625
153 485.6026306152344 261.0084228515625 612.6837158203125 388.478271484375
154 489.7265625 260.6180419921875 612.7499389648438 385.4733581542969
155 491.12554931640625 259.9263610839844 619.4282836914062 400.4957275390625
156 491.3934631347656 258.46966552734375 621.4820556640625 404.748779296875
157 499.12884521484375 263.4441223144531 625.8585815429688 391.2303161621094
158 501.85125732421875 264.298583984375 627.11376953125 384.54498291015625
159 507.4042053222656 269.760986328125 627.2145385742188 390.6401062011719
160 509.26611328125 270.6584167480469 626.9263305664062 391.971435546875
161 515.4302368164062 281.1283874511719 627.9336547851562 393.4454345703125
162 517.4374389648438 284.2186584472656 628.0630493164062 393.2674865722656
163 517.494384765625 298.1171569824219 629.7227172851562 395.7749328613281