113 -1 -1 -1 -1
0 460 542 522 602
1 465.07305908203125 537.852783203125 524.697265625 597.26123046875
2 469.354736328125 536.4092407226562 530.5775756835938 595.1640625
3 473.656005859375 536.0903930664062 533.1515502929688 595.8409423828125
4 478.6214599609375 530.3082275390625 538.2125854492188 589.9447631835938
5 484.8388671875 521.9832153320312 543.5289916992188 583.3855590820312
6 489.3905944824219 515.2977905273438 547.8466796875 575.6881103515625
7 495.2113952636719 509.7095031738281 552.0064697265625 567.9915771484375
8 500.0074157714844 503.5565185546875 555.5487670898438 560.6577758789062
9 504.5330810546875 497.1481628417969 559.79296875 553.1471557617188
10 507.47894287109375 489.3456726074219 563.6747436523438 546.215576171875
11 510.8171081542969 483.4060363769531 566.37939453125 539.6572265625
12 514.0654907226562 475.94500732421875 570.1152954101562 533.5187377929688
13 518.1887817382812 470.9913024902344 573.6780395507812 527.4485473632812
14 521.0716552734375 462.942138671875 578.2344360351562 520.0724487304688
15 524.2355346679688 452.9725341796875 581.6085205078125 513.44287109375
16 526.495361328125 412.76763916015625 624.495849609375 509.66082763671875
17 523.7421807693318 437.11379771865904 601.1951479632407 514.9164509251714
18 741.4117431640625 611.9166259765625 851.126708984375 716.2625732421875
19 537.5805053710938 425.623291015625 595.2153930664062 493.608642578125
20 539.51904296875 418.238525390625 602.46337890625 488.6505126953125
21 923.0521240234375 627.0460815429688 1034.2386474609375 718.4142456054688
22 742.6755061711301 536.8499849770451 832.907208649558 620.019520309288
23 554.7283935546875 419.7156677246094 605.256103515625 472.8122863769531
24 556.10693359375 415.62353515625 608.3701782226562 468.6546630859375
25 560.0060424804688 410.8558349609375 611.8756713867188 464.1596984863281
26 563.4160766601562 406.94244384765625 614.8463134765625 460.60162353515625
27 565.635009765625 402.5094299316406 619.1001586914062 455.4237976074219
28 569.1355590820312 399.125732421875 622.3377685546875 452.43487548828125
29 571.8034057617188 395.1247863769531 625.793701171875 447.42376708984375
30 574.69970703125 390.96453857421875 628.5873413085938 444.114501953125
31 576.6173706054688 385.3113708496094 630.7396850585938 439.4447326660156
32 412.3369140625 198.430419921875 482.8427734375 270.43621826171875
33 407.0329895019531 198.88458251953125 477.8562316894531 271.8508605957031
34 403.8499755859375 200.67535400390625 476.7176208496094 273.12933349609375
35 585.7615966796875 369.9886474609375 642.5679931640625 426.9598083496094
36 588.2213745117188 367.295654296875 644.693115234375 422.97259521484375
37 591.0116577148438 364.3417053222656 646.2281494140625 420.8362731933594
38 593.3995971679688 362.2705993652344 648.2304077148438 418.286865234375
39 595.7789306640625 358.9314270019531 651.59326171875 415.7623291015625
40 598.0114135742188 356.9743347167969 653.95068359375 413.2654113769531
41 600.0484008789062 353.42779541015625 656.3744506835938 410.83984375
42 601.02197265625 350.631591796875 658.6643676757812 407.7957458496094
43 602.1082153320312 347.22784423828125 661.0291748046875 405.8938293457031
44 603.587890625 346.8786926269531 662.1695556640625 404.51507568359375
45 604.4291381835938 342.8536682128906 663.7011108398438 402.20501708984375
46 605.2923583984375 340.4377136230469 666.0556640625 400.75714111328125
47 606.6572265625 339.8173828125 668.2819213867188 400.3170471191406
48 606.5125122070312 338.9745788574219 669.7080078125 400.0696105957031
49 606.3001708984375 338.9152526855469 669.16357421875 399.4389953613281
50 605.5327758789062 338.0267333984375 668.6507568359375 399.77008056640625
51 604.5508422851562 337.8188781738281 667.8961181640625 399.81097412109375
52 602.4526977539062 336.5289306640625 665.6657104492188 399.9678955078125
53 599.7181396484375 336.46142578125 664.2606201171875 399.98809814453125
54 597.1637573242188 336.64422607421875 663.0958862304688 399.99334716796875
55 594.6880493164062 337.54351806640625 660.4039306640625 399.9231872558594
56 589.8897705078125 337.8816833496094 655.6082153320312 400.3470764160156
57 584.9338989257812 336.7543640136719 650.3073120117188 400.43121337890625
58 578.9541015625 337.236572265625 645.206787109375 400.3472900390625
59 572.8673095703125 336.97344970703125 638.15283203125 400.6360168457031
60 565.326904296875 336.6578369140625 630.7075805664062 399.37060546875
61 556.958740234375 333.59857177734375 622.5899658203125 398.2712707519531
62 548.7002563476562 330.0825500488281 615.2757568359375 396.885009765625
63 540.2218627929688 327.0734558105469 606.807373046875 394.6728515625
64 526.9609375 323.31170654296875 597.5339965820312 391.46234130859375
65 517.6337280273438 320.8757629394531 585.976806640625 389.4730224609375
66 504.1165771484375 317.62518310546875 575.2568359375 386.0843200683594
67 491.9338073730469 310.92193603515625 564.68359375 382.35784912109375
68 479.0128173828125 303.4469299316406 554.8057250976562 377.22491455078125
69 465.89031982421875 297.237548828125 542.5283813476562 372.7050476074219
70 451.10516357421875 291.892822265625 535.80810546875 367.6457824707031
71 432.060546875 286.6129150390625 515.8536376953125 363.62237548828125