105 -1 -1 -1 -1
0 430 426 491 492
1 439.9017333984375 422.06304931640625 501.9044189453125 488.57464599609375
2 443.6007385253906 419.9494934082031 505.6865539550781 486.5917663574219
3 452.5851745605469 413.61431884765625 513.8245239257812 478.24066162109375
4 459.2127685546875 406.4622497558594 519.2428588867188 469.5432434082031
5 463.96636962890625 399.01300048828125 523.3187255859375 459.73199462890625
6 470.15234375 392.81036376953125 528.9526977539062 451.7261962890625
7 474.387451171875 386.4183349609375 533.302978515625 446.2322692871094
8 478.3737487792969 378.7172546386719 535.5308227539062 438.9443054199219
9 482.58831787109375 374.53369140625 539.7545776367188 433.0210876464844
10 486.4425354003906 371.3367919921875 544.007568359375 429.3957824707031
11 490.1183166503906 367.49188232421875 547.0343017578125 423.7928161621094
12 491.6251525878906 362.4740905761719 548.90478515625 418.646728515625
13 493.4209289550781 359.3606872558594 549.45703125 415.1756286621094
14 495.7435302734375 356.2142639160156 550.7849731445312 411.91400146484375
15 496.73187255859375 352.7377014160156 552.3939208984375 407.5934753417969
16 497.6958312988281 349.2177429199219 553.207763671875 404.9854736328125
17 498.7430725097656 345.001220703125 553.5529174804688 401.5517272949219
18 500.4168701171875 343.6898498535156 554.1243896484375 398.7229309082031
19 501.6355895996094 341.2994079589844 555.4230346679688 396.4486389160156
20 502.1781311035156 338.6745300292969 556.1386108398438 392.87115478515625
21 502.9480895996094 336.4139404296875 556.716064453125 390.32305908203125
22 503.9745788574219 334.41302490234375 556.7881469726562 388.9775085449219
23 503.4237976074219 330.8729553222656 557.2017822265625 385.7757873535156
24 502.8189697265625 327.4612121582031 557.820556640625 383.2061767578125
25 503.25445556640625 326.247314453125 556.8111572265625 380.97357177734375
26 503.5725402832031 324.5928039550781 557.1792602539062 378.7899169921875
27 503.9054870605469 323.47882080078125 557.2680053710938 376.2890319824219
28 504.07830810546875 322.0140380859375 557.2767944335938 374.7388610839844
29 504.1893005371094 320.4391174316406 557.6764526367188 373.6658935546875
30 504.9995422363281 318.9202880859375 558.2548217773438 372.9593811035156
31 505.677490234375 316.9661560058594 559.1074829101562 371.6795349121094
32 505.95379638671875 315.4316101074219 559.3677368164062 370.3255615234375
33 505.9674072265625 313.77337646484375 559.7608032226562 368.7221984863281
34 507.8660583496094 311.8232116699219 561.9461669921875 366.7452087402344
35 508.8156433105469 311.8081970214844 563.1665649414062 366.3346862792969
36 507.8358459472656 312.7449645996094 562.968994140625 367.45953369140625
37 510.2455749511719 312.25726318359375 564.8786010742188 367.0009765625
38 510.60791015625 314.72918701171875 565.159912109375 369.7143859863281
39 510.82818603515625 317.2293701171875 564.8312377929688 372.23968505859375
40 511.2203063964844 320.2963562011719 566.6626586914062 374.8474426269531
41 512.3062133789062 323.1326904296875 568.3330078125 377.0458984375
42 514.8328247070312 324.4954528808594 571.2207641601562 380.52197265625
43 516.7548217773438 326.87030029296875 572.097900390625 382.0535888671875
44 518.1143798828125 328.6699523925781 574.5367431640625 384.0276184082031
45 521.7301025390625 331.33941650390625 578.7520751953125 388.1186218261719
46 523.8719482421875 333.11651611328125 580.0556640625 389.248046875
47 525.684326171875 333.7239685058594 583.0308227539062 391.11749267578125
48 529.1329956054688 335.40350341796875 588.1039428710938 393.2115478515625
49 533.4960327148438 338.1048278808594 593.306640625 395.6302795410156
50 537.205322265625 339.7603759765625 597.5668334960938 397.57891845703125
51 539.699462890625 340.8335266113281 599.9609985351562 400.2450256347656
52 543.0421142578125 341.0847473144531 605.5692138671875 400.98809814453125
53 546.3665771484375 341.64483642578125 609.3502197265625 402.68060302734375
54 549.6456909179688 342.74371337890625 612.0215454101562 405.460205078125
55 552.2313232421875 343.77032470703125 614.2395629882812 407.1002197265625
56 552.9490966796875 346.1617431640625 615.0929565429688 409.57281494140625
57 554.4118041992188 347.5074768066406 617.2297973632812 410.3124084472656
58 555.0742797851562 347.8063659667969 617.7689819335938 411.0306091308594
59 554.4744262695312 345.7784118652344 617.8545532226562 412.6796875
60 553.5526123046875 346.1766357421875 617.38525390625 411.83758544921875
61 550.3597412109375 345.2525634765625 616.4649047851562 411.1697998046875
62 545.54345703125 341.0169677734375 614.8919677734375 411.191162109375
63 477.48553466796875 311.287353515625 496.22393798828125 328.08905029296875
64 539.8402709960938 339.9554443359375 608.4256591796875 409.2774658203125
65 533.3611450195312 339.8262023925781 602.8906860351562 406.8388366699219
66 527.1134033203125 335.7748107910156 598.330078125 404.8433532714844
67 520.4979248046875 334.2110900878906 588.7835693359375 402.6461181640625
68 515.7371215820312 331.997314453125 584.1207275390625 400.7684631347656
69 513.1475219726562 329.2083435058594 583.2075805664062 400.0975341796875
70 511.2325134277344 326.8289489746094 583.6693725585938 399.5910339355469
71 508.98687744140625 325.20648193359375 584.0712280273438 399.9424743652344
72 506.971923828125 327.03631591796875 586.781494140625 402.5986328125
73 504.5513916015625 327.8648681640625 588.921630859375 407.22869873046875