195 -1 -1 -1 -1
0 430 421 482 477
1 427.98699951171875 417.4647216796875 482.91717529296875 471.5142822265625
2 432.80712890625 413.1760559082031 486.9284362792969 467.66864013671875
3 434.6661682128906 411.66131591796875 488.52215576171875 466.17608642578125
4 438.8132019042969 409.7933044433594 491.7189636230469 464.2979736328125
5 441.5265197753906 408.0625 493.9814147949219 462.4758605957031
6 444.02337646484375 408.1515197753906 496.57354736328125 462.7116394042969
7 446.5086669921875 406.7439880371094 498.9220886230469 461.2431945800781
8 448.1347961425781 401.3982238769531 499.2281799316406 456.5650939941406
9 450.3845520019531 397.8304138183594 500.8074951171875 453.15814208984375
10 450.6613464355469 395.4635925292969 500.46051025390625 449.5128479003906
11 452.5260925292969 392.8226318359375 501.88873291015625 446.32574462890625
12 452.91082763671875 392.05609130859375 502.072998046875 442.48614501953125
13 454.8885803222656 389.8591613769531 503.7593688964844 439.103759765625
14 454.2818603515625 389.0837707519531 504.369873046875 438.9198913574219
15 456.419677734375 386.56158447265625 506.6964416503906 436.50018310546875
16 454.4505310058594 385.15478515625 505.2578430175781 435.43768310546875
17 456.27593994140625 382.2398681640625 506.97088623046875 432.5144348144531
18 454.05633544921875 380.5658874511719 504.8231201171875 432.3269958496094
19 456.01708984375 377.31951904296875 506.4921875 429.4288330078125
20 454.19232177734375 378.42315673828125 503.9003601074219 430.1646728515625
21 456.2712707519531 376.116943359375 505.3812561035156 427.4827575683594
22 454.5777893066406 376.07464599609375 504.48809814453125 426.59747314453125
23 456.0500793457031 373.8415222167969 505.9700622558594 423.9942321777344
24 454.9132995605469 376.6689453125 504.26971435546875 425.2724304199219
25 457.05462646484375 374.8581848144531 505.8964538574219 422.6647644042969
26 456.326416015625 377.3192443847656 503.49798583984375 424.5757141113281
27 458.5010681152344 375.2585144042969 504.77410888671875 422.0935974121094
28 456.9134521484375 376.4432678222656 504.56707763671875 423.90631103515625
29 458.20404052734375 374.3092956542969 506.1162414550781 421.92352294921875
30 458.3385009765625 373.85736083984375 507.0708923339844 423.0201721191406
31 459.7149963378906 371.45977783203125 508.5301818847656 421.17132568359375
32 459.067138671875 372.4590759277344 507.6537170410156 422.8443908691406
33 460.2956848144531 370.8029479980469 508.5628662109375 421.38214111328125
34 460.65557861328125 372.08734130859375 508.4925231933594 420.1529846191406
35 462.351318359375 370.7193603515625 509.7862243652344 417.727294921875
36 462.2012634277344 371.1866149902344 509.348876953125 418.4451599121094
37 463.9670715332031 369.0681457519531 510.7427062988281 416.1937561035156
38 464.3904113769531 369.2236022949219 510.2771911621094 415.647705078125
39 465.76806640625 367.68585205078125 511.1287841796875 413.7944030761719
40 466.241943359375 366.2088623046875 512.8106689453125 413.15283203125
41 467.4773864746094 364.3052978515625 514.3228149414062 411.4979248046875
42 466.2474365234375 363.3103332519531 514.5096435546875 410.6541748046875
43 467.2835693359375 361.4975280761719 515.8389282226562 408.7401123046875
44 467.517578125 360.9229736328125 515.9077758789062 408.82366943359375
45 469.10491943359375 359.4228210449219 517.1514282226562 407.3957214355469
46 470.1929016113281 357.780517578125 518.623046875 406.8583068847656
47 471.5564270019531 356.3783874511719 519.9569091796875 405.72686767578125
48 471.78009033203125 354.1017761230469 521.330810546875 406.89593505859375
49 473.41802978515625 351.6561584472656 523.0872192382812 405.43035888671875
50 473.6318359375 351.3589172363281 523.2860717773438 402.5428161621094
51 474.7679748535156 350.55926513671875 524.23388671875 400.577880859375
52 475.4446716308594 350.3082580566406 525.2241821289062 399.2661437988281
53 476.6233215332031 349.6107482910156 526.3695678710938 398.07659912109375
54 476.3129577636719 347.9436950683594 527.1002197265625 397.3084411621094
55 477.7068786621094 346.4565124511719 528.6659545898438 396.0082702636719
56 479.0203857421875 345.7569580078125 529.14794921875 395.2948913574219
57 481.0555114746094 344.1093444824219 530.5381469726562 393.37548828125
58 480.8903503417969 341.9814758300781 530.2073974609375 392.8685302734375
59 481.8874816894531 340.4320068359375 530.974365234375 391.8050842285156
60 481.103271484375 340.17547607421875 530.122802734375 390.84033203125
61 482.3009338378906 339.07794189453125 531.0589599609375 389.2603454589844
62 481.690185546875 337.9398498535156 531.1533813476562 388.9645690917969
63 482.87158203125 335.8961486816406 532.2435302734375 386.8538513183594
64 483.2600402832031 334.7480773925781 532.4313354492188 385.3224182128906
65 484.4349670410156 333.56475830078125 533.3577880859375 383.8816833496094
66 484.4861755371094 332.4124755859375 533.8662719726562 383.47747802734375
67 485.9620361328125 330.7805480957031 535.2417602539062 381.8855285644531
68 486.3221740722656 330.7249755859375 536.6066284179688 382.8321838378906
69 487.71319580078125 329.02783203125 537.97216796875 381.0972595214844
70 488.2838134765625 328.0854797363281 539.1156616210938 380.5093078613281
71 489.2549133300781 326.72491455078125 540.1050415039062 379.1612548828125
72 488.9456481933594 326.4198303222656 540.3917236328125 378.423583984375
73 490.0367736816406 324.5535583496094 541.286376953125 375.9642028808594
74 490.3166198730469 325.5210876464844 542.0421142578125 376.74627685546875
75 491.67266845703125 324.24700927734375 543.1954956054688 375.059814453125
76 491.8364562988281 324.0747375488281 543.810302734375 374.6612243652344
77 493.0145568847656 323.1359558105469 544.960693359375 373.5538635253906
78 493.5588073730469 321.8805236816406 545.1090698242188 373.6844177246094
79 495.0804138183594 320.29693603515625 546.2302856445312 372.4658203125
80 495.0082702636719 320.7728271484375 547.000244140625 374.3968505859375
81 496.09271240234375 318.9778137207031 547.9615478515625 372.6989440917969
82 495.86614990234375 319.2746887207031 548.4713745117188 373.8310241699219
83 497.016357421875 317.56439208984375 549.4956665039062 372.04058837890625
84 496.7607421875 317.6251220703125 550.57861328125 372.6383972167969
85 498.0233154296875 316.6354064941406 552.104736328125 371.7213134765625
86 497.6086120605469 315.7056884765625 552.4503784179688 373.018798828125
87 498.6706848144531 313.3644714355469 553.3217163085938 371.0294494628906
88 497.86614990234375 312.04864501953125 555.0510864257812 372.9866027832031
89 498.75494384765625 309.5579833984375 556.4033813476562 371.21209716796875
90 497.45623779296875 310.5923767089844 556.76171875 372.2062683105469
91 498.1292419433594 309.07318115234375 557.5125122070312 370.10174560546875
92 497.9244079589844 309.91351318359375 556.8585815429688 370.11083984375
93 498.8786926269531 309.2691650390625 557.3724975585938 369.0207824707031
94 496.8333435058594 309.5418701171875 557.5951538085938 370.2703857421875
95 497.1546630859375 307.7901611328125 558.260498046875 368.3663330078125
96 495.6998291015625 308.7039794921875 558.6444091796875 370.14105224609375
97 496.14385986328125 307.1903076171875 559.259033203125 368.4366149902344
98 496.87921142578125 307.60540771484375 559.16796875 368.6877136230469
99 498.1078186035156 306.64306640625 559.8916625976562 367.6209411621094
100 498.7331237792969 308.7317199707031 561.279052734375 369.06884765625
101 499.7248840332031 307.6756896972656 562.0715942382812 367.2983703613281
102 499.5370178222656 307.5566711425781 562.41748046875 367.4186706542969
103 500.7408142089844 306.52142333984375 563.54150390625 366.3829650878906
104 500.6429748535156 307.1329345703125 563.3670043945312 367.57318115234375
105 501.21588134765625 305.4719543457031 563.3887329101562 365.63934326171875
106 499.8699035644531 305.39581298828125 563.4110717773438 366.45916748046875
107 500.0054626464844 303.604736328125 563.5274047851562 364.49420166015625
108 499.9627685546875 301.53369140625 563.9228515625 363.6058654785156
109 500.1687927246094 300.6372985839844 564.2495727539062 363.07330322265625
110 499.7084045410156 297.8628234863281 564.663818359375 362.78436279296875
111 499.62139892578125 296.77508544921875 564.870361328125 362.54840087890625
112 498.7831726074219 296.484619140625 564.7413940429688 362.5106201171875
113 498.3209533691406 296.4858703613281 564.52099609375 362.4961242675781
114 497.5477294921875 293.46746826171875 564.6354370117188 360.1225280761719
115 496.9657287597656 292.72796630859375 564.3746337890625 359.5182189941406
116 495.2349853515625 288.4029235839844 563.8942260742188 357.48486328125
117 494.7608642578125 287.018310546875 563.8242797851562 356.8392333984375
118 493.5235290527344 285.6573181152344 564.205078125 354.6108703613281
119 493.17486572265625 285.3458557128906 564.416015625 353.8855285644531
120 490.5072326660156 281.48797607421875 563.7909545898438 352.0930480957031
121 489.8481750488281 281.1622314453125 562.92333984375 351.7142639160156
122 486.48858642578125 276.23016357421875 560.3211059570312 350.88275146484375
123 485.87261962890625 273.74700927734375 559.2161865234375 349.2127380371094
124 480.94415283203125 271.35345458984375 558.1180419921875 346.138427734375
125 479.27691650390625 270.6300964355469 557.8214721679688 345.07769775390625
126 477.6773376464844 266.63079833984375 555.1826171875 341.4651184082031
127 477.2370300292969 265.3122863769531 554.2522583007812 340.2298889160156
128 470.82952880859375 260.2850036621094 551.5703125 336.73797607421875
129 468.62200927734375 258.68267822265625 550.6908569335938 335.63836669921875
130 468.50848388671875 254.3714599609375 550.0575561523438 332.0028991699219
131 468.5943603515625 252.8731231689453 549.8966064453125 330.69854736328125
132 468.8336486816406 248.22572326660156 549.5350952148438 325.46875
133 469.08013916015625 246.65065002441406 549.4920654296875 323.61517333984375
134 467.26104736328125 242.10169982910156 551.1798706054688 323.88671875
135 466.524169921875 240.6761474609375 551.7289428710938 324.19854736328125
136 464.8697509765625 236.32359313964844 560.615234375 326.2626647949219
137 464.21197509765625 235.0298614501953 563.8668212890625 327.3309020996094
138 459.7427062988281 227.04824829101562 568.4320068359375 322.1076965332031
139 458.4042663574219 224.9404296875 570.4901733398438 320.782958984375
140 447.9353332519531 221.8069305419922 566.971923828125 316.92425537109375
141 444.1632995605469 220.9962158203125 565.7801513671875 315.6797180175781
142 437.613037109375 216.50933837890625 560.244384765625 319.1959533691406
143 435.9909362792969 216.45542907714844 542.0795288085938 323.5173645019531
144 426.318603515625 210.541748046875 555.4010009765625 326.1109619140625
145 423.0670166015625 208.67408752441406 559.657958984375 327.4012145996094
146 416.9196472167969 203.42904663085938 533.4644775390625 327.0556945800781
147 414.7281799316406 201.74334716796875 522.1212768554688 327.0960998535156