216 -1 -1 -1 -1
0 467 414 508 463
1 457.91455078125 424.16253662109375 508.28106689453125 473.09393310546875
2 457.76959228515625 430.01336669921875 508.9718017578125 480.18060302734375
3 458.0224914550781 439.19146728515625 509.87518310546875 490.6388854980469
4 461.2024841308594 449.3113708496094 511.9150390625 501.504150390625
5 460.02264404296875 456.2714538574219 514.189453125 517.921875
6 459.3153381347656 463.5660705566406 516.2205810546875 524.881103515625
7 459.69713592529297 455.9984941482544 514.2989931106567 514.906081199646
8 459.69713592529297 455.9984941482544 514.2989931106567 514.906081199646
9 459.69713592529297 455.9984941482544 514.2989931106567 514.906081199646
10 473.51348876953125 471.69732666015625 524.4028930664062 521.0591430664062
11 482.71258544921875 471.99053955078125 529.9102783203125 518.8729858398438
12 487.9578857421875 470.6309814453125 534.108642578125 518.3313598632812
13 491.89080810546875 467.3843994140625 537.2802734375 514.87451171875
14 495.0224304199219 465.3044128417969 539.590087890625 511.4389343261719
15 497.59515380859375 462.83984375 542.2682495117188 508.7482604980469
16 500.241943359375 460.06170654296875 545.2424926757812 505.8009338378906
17 502.8252868652344 458.5079040527344 546.9136352539062 502.8373107910156
18 504.9203796386719 458.26947021484375 547.834716796875 500.8789978027344
19 507.5221252441406 456.2018737792969 549.1521606445312 498.1482238769531
20 509.7381896972656 453.9983215332031 551.4584350585938 495.484619140625
21 511.3572082519531 451.8251647949219 554.3740234375 493.7645263671875
22 512.6051635742188 450.13128662109375 556.7317504882812 492.8233947753906
23 513.3201904296875 446.2843933105469 558.3336791992188 491.10321044921875
24 514.8896484375 443.9961242675781 559.5808715820312 489.11102294921875
25 516.42529296875 442.5233459472656 560.6016235351562 487.8197937011719
26 518.008056640625 441.84002685546875 561.4052734375 486.7527770996094
27 519.6124877929688 442.0145568847656 562.4940795898438 485.36590576171875
28 520.8085327148438 441.76177978515625 563.1792602539062 484.5237121582031
29 521.6337280273438 440.51422119140625 563.4937133789062 482.7058410644531
30 522.2781982421875 438.23779296875 563.7750854492188 480.6597900390625
31 523.2470092773438 435.6585998535156 564.3980712890625 478.6286926269531
32 523.523193359375 433.07379150390625 564.8143310546875 476.8183288574219
33 523.757568359375 431.265869140625 565.1846313476562 475.59051513671875
34 522.6517333984375 430.6168212890625 565.8634033203125 474.5898742675781
35 522.996410914742 431.9748353822548 565.3130134484376 475.8598450563736
36 522.996410914742 431.9748353822548 565.3130134484376 475.8598450563736
37 526.0170288085938 429.7225646972656 566.82080078125 468.50286865234375
38 527.3709716796875 428.339599609375 567.56689453125 467.7656555175781
39 527.9124755859375 427.2060241699219 567.7357177734375 467.4376525878906
40 528.2293090820312 426.10443115234375 568.3550415039062 467.2742004394531
41 528.4672241210938 426.27362060546875 568.8726196289062 467.85955810546875
42 528.8744506835938 426.1821594238281 569.1737060546875 467.397216796875
43 528.8155517578125 425.7975158691406 569.603515625 466.5379333496094
44 529.1239013671875 425.0784912109375 570.2138061523438 465.2203063964844
45 528.9959106445312 424.24310302734375 570.4517211914062 464.1867980957031
46 529.1284790039062 423.58001708984375 570.6152954101562 463.4627685546875
47 528.5526123046875 423.0519104003906 570.8331298828125 463.0625305175781
48 528.4349975585938 422.40673828125 570.8999633789062 462.66912841796875
49 528.466552734375 422.0416564941406 570.9567260742188 462.832763671875
50 527.9805908203125 421.8301696777344 570.7430419921875 463.2059020996094
51 527.69140625 421.83111572265625 570.4542846679688 463.44854736328125
52 527.791015625 421.5563659667969 570.6458740234375 463.11907958984375
53 527.68896484375 421.2783508300781 570.7868041992188 462.6204833984375
54 527.3074340820312 420.94775390625 570.8480834960938 462.135009765625
55 527.4480590820312 420.34716796875 571.1283569335938 461.7739562988281
56 527.3499145507812 419.8291015625 570.88427734375 461.8122253417969
57 527.1297607421875 419.504638671875 570.7063598632812 461.5731201171875
58 526.7807006835938 416.3984375 570.839599609375 461.0242004394531
59 526.4630126953125 414.7382507324219 570.867431640625 460.508544921875
60 526.2738037109375 414.13409423828125 570.4501342773438 460.06524658203125
61 525.9232788085938 414.5750427246094 569.7194213867188 459.6589050292969
62 525.4086303710938 414.7483825683594 568.8529052734375 458.6376037597656
63 525.1370239257812 414.486572265625 567.4092407226562 457.6171569824219
64 524.514404296875 413.9957580566406 566.4077758789062 457.0106201171875
65 523.9057006835938 412.91668701171875 565.5740356445312 457.014892578125
66 523.2939453125 412.9896240234375 564.2039184570312 457.019775390625
67 521.9244995117188 412.639404296875 563.03662109375 456.93109130859375
68 520.7286376953125 412.5171813964844 562.5223388671875 456.8800048828125
69 519.8359985351562 412.24603271484375 562.6240234375 456.9210205078125
70 519.4375610351562 412.5785827636719 562.758544921875 457.4231262207031
71 520.1311441717108 412.5370594355083 562.8750107000951 457.18507910408334
72 517.468505859375 413.8876953125 561.0443725585938 459.08856201171875
73 517.462646484375 413.45928955078125 561.1648559570312 459.2637634277344
74 518.1312357499589 413.3358334623927 561.5622737931878 458.7002919928177
75 518.1312357499589 413.3358334623927 561.5622737931878 458.7002919928177
76 518.1312357499589 413.3358334623927 561.5622737931878 458.7002919928177
77 518.1312357499589 413.3358334623927 561.5622737931878 458.7002919928177
78 518.1312357499589 413.3358334623927 561.5622737931878 458.7002919928177
79 518.265625 413.2469177246094 562.6627197265625 459.7570495605469
80 518.6296997070312 413.4506530761719 563.2308349609375 460.0519104003906
81 519.9801025390625 414.17816162109375 563.447021484375 460.4090576171875
82 521.339599609375 414.7494201660156 564.1878662109375 460.6325378417969
83 522.4881591796875 414.88677978515625 565.9357299804688 461.0051574707031
84 523.737060546875 415.27911376953125 567.671630859375 461.2554931640625
85 524.3995361328125 415.4441223144531 569.0556640625 461.85235595703125
86 524.4990844726562 415.38873291015625 570.1827392578125 462.1693115234375
87 524.7044677734375 415.1276550292969 570.91796875 462.0884094238281
88 525.283447265625 414.9390563964844 571.7677001953125 461.93365478515625
89 526.0654907226562 414.6256408691406 572.4651489257812 461.576416015625
90 526.5386352539062 413.6888427734375 573.0711669921875 461.53857421875
91 527.3099975585938 413.3706359863281 573.52685546875 461.12249755859375
92 527.8113403320312 413.1888732910156 574.173828125 460.598876953125
93 528.1680297851562 412.53802490234375 575.4417114257812 460.200439453125
94 529.3865356445312 412.83209228515625 575.8463745117188 459.7723083496094
95 530.1682739257812 412.0524597167969 577.235595703125 459.2828674316406
96 530.9717407226562 410.7864074707031 578.4371948242188 458.7734375
97 531.7066040039062 409.84912109375 579.5071411132812 458.2043151855469
98 532.9359741210938 409.6508483886719 579.9053344726562 457.0669250488281
99 532.9224243164062 408.55145263671875 580.6990966796875 456.86962890625
100 533.3809204101562 408.2386474609375 581.6314086914062 456.6183166503906
101 533.3261108398438 406.5126647949219 582.9235229492188 455.887939453125
102 534.116455078125 404.82257080078125 584.4879150390625 455.04443359375
103 534.7196655273438 403.0388488769531 586.023681640625 454.298828125
104 535.8040161132812 401.6444396972656 587.5383911132812 453.9198303222656
105 537.7244873046875 401.1676330566406 588.8952026367188 453.14385986328125
106 539.2023315429688 400.8062438964844 589.2741088867188 451.582275390625
107 540.1041259765625 401.48486328125 589.9231567382812 451.9563293457031
108 540.8858032226562 401.02117919921875 590.8598022460938 452.1131896972656
109 541.1935424804688 400.03228759765625 591.9755859375 452.30535888671875
110 540.9500122070312 398.922119140625 593.6123046875 452.9752502441406
111 540.890380859375 396.5862121582031 594.6158447265625 453.1679992675781
112 540.8894653320312 396.44451904296875 595.3390502929688 453.6527404785156
113 540.3185424804688 393.30126953125 597.2078857421875 454.60162353515625
114 538.6261596679688 385.52508544921875 599.404052734375 455.0438232421875
115 539.3057250976562 389.5090026855469 598.2662963867188 455.81884765625
116 539.310302734375 389.25396728515625 597.645751953125 456.1109619140625
117 539.564208984375 393.27789306640625 597.4277954101562 456.37298583984375
118 539.5975341796875 395.05712890625 597.437255859375 456.8642272949219
119 539.1693115234375 394.2680969238281 597.803955078125 456.6370849609375
120 539.3524674724067 393.75911053886864 597.6635628949136 456.5353274411884
121 539.3524674724067 393.75911053886864 597.6635628949136 456.5353274411884
122 539.3524674724067 393.75911053886864 597.6635628949136 456.5353274411884
123 539.3524674724067 393.75911053886864 597.6635628949136 456.5353274411884
124 539.5426635742188 398.0225524902344 599.4592895507812 457.17779541015625
125 539.724609375 398.8404541015625 598.12939453125 457.2464294433594
126 540.0322265625 401.0475158691406 596.6788330078125 457.396240234375
127 540.3554077148438 402.24798583984375 596.501953125 457.29022216796875
128 540.082282360336 400.7272825892213 597.0070374087153 457.2570450012071
129 540.555419921875 403.788330078125 596.8529663085938 458.7303466796875
130 540.3188511411055 402.25780633367316 596.9300018586546 457.9936958404473
131 540.094482421875 404.97802734375 596.7943115234375 459.3292236328125
132 540.2066667814902 403.6179168387116 596.862156691046 458.6614597366299
133 540.2066667814902 403.6179168387116 596.862156691046 458.6614597366299
134 540.2066667814902 403.6179168387116 596.862156691046 458.6614597366299
135 540.2066667814902 403.6179168387116 596.862156691046 458.6614597366299
136 540.2066667814902 403.6179168387116 596.862156691046 458.6614597366299
137 540.2066667814902 403.6179168387116 596.862156691046 458.6614597366299
138 540.2066667814902 403.6179168387116 596.862156691046 458.6614597366299