176 -1 -1 -1 -1
0 486 306 530 353
1 485.37042236328125 287.13201904296875 530.7096557617188 337.73858642578125
2 487.04327392578125 277.1344909667969 531.9327392578125 328.5387268066406
3 488.59027099609375 263.8256530761719 534.3800048828125 314.9470520019531
4 490.91290283203125 249.86239624023438 536.803466796875 300.335205078125
5 492.77960205078125 235.92640686035156 537.73193359375 287.2824401855469
6 495.2647705078125 223.6566162109375 539.3848266601562 272.2603454589844
7 497.1080017089844 212.56021118164062 545.1061401367188 262.15081787109375
8 529.53271484375 523.9353637695312 702.445068359375 715.0554809570312
9 532.1484985351562 524.5286865234375 700.1192016601562 705.1265869140625
10 522.2366851568222 449.3757047653198 661.0367687940598 599.8755784034729
11 522.2366851568222 449.3757047653198 661.0367687940598 599.8755784034729
12 522.2366851568222 449.3757047653198 661.0367687940598 599.8755784034729
13 522.2366851568222 449.3757047653198 661.0367687940598 599.8755784034729
14 511.197021484375 161.431640625 551.6439208984375 206.5628662109375
15 510.4483642578125 159.59979248046875 553.2822265625 205.62168884277344
16 512.882080078125 155.24949645996094 555.3404541015625 201.33636474609375
17 514.612060546875 154.4499053955078 556.5220947265625 200.2518310546875
18 515.1077880859375 161.98678588867188 555.0509033203125 210.54281616210938
19 513.9368896484375 167.4908447265625 556.7498779296875 214.88580322265625
20 513.9778442382812 170.23394775390625 556.3812866210938 219.70663452148438
21 511.2178955078125 174.27120971679688 556.230712890625 225.47482299804688
22 510.6143798828125 180.16854858398438 553.8087158203125 232.16217041015625
23 508.83856201171875 190.22174072265625 549.6770629882812 236.860107421875
24 504.91070556640625 203.66146850585938 546.2706909179688 248.35653686523438
25 501.70953369140625 215.99688720703125 543.3814086914062 259.59539794921875
26 500.489990234375 226.46868896484375 539.6326904296875 265.35504150390625
27 497.70721435546875 239.1915283203125 534.2504272460938 288.0833740234375
28 495.69757080078125 251.6896209716797 532.4786987304688 298.38629150390625
29 493.50579833984375 268.2623596191406 531.740966796875 316.4993896484375
30 491.9094543457031 287.0387268066406 532.097900390625 334.5315246582031
31 492.4552307128906 304.3084716796875 534.7520141601562 352.7051086425781
32 493.69635009765625 319.5857238769531 536.12109375 368.775634765625
33 495.8992614746094 334.25 537.28173828125 382.2451477050781
34 499.6030578613281 347.4876403808594 543.2262573242188 396.4566345214844
35 506.438720703125 361.6842041015625 545.9733276367188 401.6043701171875
36 511.6272277832031 368.39813232421875 551.55419921875 409.8979187011719
37 522.14013671875 375.59088134765625 558.8308715820312 413.53411865234375
38 476.46136474609375 654.774169921875 550.1535034179688 718.037353515625
39 475.15777587890625 655.101806640625 548.786865234375 718.35009765625
40 473.9071960449219 655.6542358398438 548.2067260742188 718.274658203125
41 471.9273986816406 655.9664916992188 546.7216186523438 719.1116333007812
42 563.245361328125 362.089111328125 599.33740234375 398.658447265625
43 571.42236328125 358.053466796875 602.74755859375 393.577392578125
44 575.3966064453125 352.8815612792969 608.5191650390625 389.1399841308594
45 583.3243408203125 349.9417724609375 615.191162109375 382.74993896484375
46 591.0733032226562 345.1993408203125 620.6508178710938 376.2918701171875
47 595.1221923828125 335.5271911621094 626.8800048828125 373.5892028808594
48 605.6968994140625 335.3653564453125 632.0360107421875 365.9324951171875
49 607.7693481445312 332.71368408203125 636.6141967773438 363.6014099121094
50 611.8746948242188 328.2840881347656 641.363037109375 360.7277526855469
51 619.5213623046875 324.2612609863281 646.5393676757812 355.5302429199219
52 624.7064208984375 320.04754638671875 652.3465576171875 349.93682861328125
53 627.7698364257812 316.4306945800781 657.1687622070312 346.8970031738281
54 633.80224609375 313.1370544433594 661.4476318359375 342.44720458984375
55 639.2423095703125 309.5623474121094 665.7445678710938 337.67889404296875
56 642.7288818359375 304.773193359375 671.3181762695312 333.9206848144531
57 646.5324096679688 301.4893798828125 676.2451782226562 331.4036865234375
58 652.94287109375 299.6326599121094 680.1452026367188 326.94091796875
59 657.0228881835938 296.30792236328125 684.4653930664062 323.7034606933594
60 660.2967529296875 290.9739074707031 688.4844970703125 319.91082763671875
61 664.9833984375 288.16619873046875 691.5542602539062 316.40179443359375
62 670.9261474609375 287.6858215332031 694.587646484375 313.16204833984375
63 673.7405395507812 284.5267028808594 698.8935546875 309.8410949707031
64 677.8040771484375 281.726806640625 702.8984375 308.06866455078125
65 681.0835571289062 276.875244140625 706.836181640625 304.6452941894531
66 686.586669921875 275.5963134765625 709.8534545898438 301.4324645996094
67 690.4150390625 275.1874694824219 712.038818359375 298.95556640625
68 692.8482055664062 272.53057861328125 715.1556396484375 295.9881896972656
69 696.0308837890625 269.9990234375 719.1255493164062 293.7682800292969
70 698.9513549804688 267.7444763183594 722.8603515625 291.7991638183594
71 703.61181640625 266.6585693359375 725.2998657226562 288.4485168457031
72 706.9022216796875 264.60479736328125 727.1787109375 285.647705078125
73 709.651123046875 261.54266357421875 731.4309692382812 284.5304260253906
74 712.1227416992188 259.1410217285156 734.1064453125 282.6030578613281
75 714.2448120117188 256.963623046875 736.3407592773438 280.53741455078125
76 717.895263671875 254.64019775390625 739.3281860351562 277.2890625
77 721.4063110351562 253.75453186035156 742.658447265625 275.3627014160156
78 724.4388427734375 251.1271209716797 745.6687622070312 272.6662292480469
79 728.0789184570312 248.47918701171875 749.7050170898438 270.3912658691406
80 731.2730712890625 245.84402465820312 752.9049682617188 268.77978515625
81 733.2463989257812 242.82855224609375 755.3717651367188 267.2978515625
82 736.112060546875 240.90003967285156 758.0171508789062 264.39801025390625
83 739.0111083984375 239.81674194335938 760.239990234375 262.3546447753906
84 742.5142822265625 238.05165100097656 763.1925048828125 260.5710144042969
85 745.6571655273438 236.714111328125 766.255859375 258.6514587402344
86 748.8933715820312 234.9910125732422 769.4813232421875 256.7140197753906
87 751.66796875 233.4812469482422 772.5695190429688 255.4140167236328
88 754.2477416992188 232.30311584472656 775.1832885742188 253.66053771972656
89 756.4707641601562 230.04847717285156 777.9119873046875 252.43321228027344
90 759.9490966796875 227.98367309570312 781.0203857421875 250.5988311767578
91 762.3612060546875 226.2322998046875 783.643310546875 249.14920043945312
92 765.640625 223.8948974609375 787.1630859375 246.21322631835938
93 769.0144653320312 222.63412475585938 789.7767333984375 243.70542907714844
94 771.5281982421875 220.45916748046875 793.7005004882812 242.45652770996094
95 774.8233032226562 217.9794158935547 798.3402709960938 241.32301330566406
96 777.74169921875 216.24215698242188 801.5411376953125 239.78538513183594
97 781.8823852539062 214.9502716064453 804.7308349609375 238.31829833984375
98 785.1287841796875 214.2590789794922 807.2920532226562 236.88113403320312
99 787.4108276367188 212.4972686767578 809.6411743164062 235.05178833007812
100 790.7191772460938 210.2266387939453 813.026611328125 232.94882202148438
101 794.1640625 208.3594207763672 816.0278930664062 230.3450164794922
102 796.87646484375 207.17449951171875 818.6702880859375 228.45770263671875
103 799.7378540039062 206.16934204101562 821.1175537109375 226.65118408203125
104 803.1282348632812 204.01858520507812 823.8699951171875 224.16470336914062
105 805.537353515625 201.81369018554688 826.5969848632812 222.56802368164062
106 809.3182983398438 200.5603485107422 829.8231201171875 220.97787475585938
107 812.3934326171875 197.8446044921875 832.8753662109375 219.4307861328125
108 814.612060546875 195.57070922851562 835.8096313476562 218.03599548339844
109 817.5580444335938 193.81788635253906 838.7921142578125 215.70848083496094
110 820.4365844726562 192.4092254638672 841.22412109375 213.8199920654297
111 823.2981567382812 191.51792907714844 844.1017456054688 213.4813995361328
112 826.5973510742188 189.7783660888672 848.7278442382812 211.44400024414062
113 830.278076171875 187.8932647705078 851.9830322265625 209.2894287109375
114 833.5919189453125 184.9351348876953 855.8242797851562 207.12469482421875
115 836.0624389648438 183.08450317382812 858.2996215820312 205.567626953125
116 838.3563842773438 181.27430725097656 860.7344970703125 204.55320739746094
117 841.53466796875 178.96900939941406 863.4468383789062 201.73358154296875
118 844.5867309570312 176.9285125732422 866.0059814453125 199.27413940429688
119 847.7890625 175.6891326904297 869.2159423828125 197.4457550048828
120 851.2738647460938 174.5193634033203 871.9736938476562 195.49911499023438
121 854.75341796875 172.5225067138672 875.7753295898438 193.96743774414062
122 857.1390380859375 169.88604736328125 878.296875 191.80160522460938
123 854.2549118809145 172.05743038076702 875.3750035027621 193.7678414670466
124 862.0023803710938 165.39781188964844 882.3513793945312 186.7901153564453
125 865.6842041015625 162.98269653320312 885.7531127929688 183.68399047851562
126 868.7404174804688 160.08180236816406 889.3329467773438 181.3739013671875
127 872.369140625 157.27272033691406 893.004150390625 177.87037658691406
128 875.175537109375 155.79335021972656 896.2564697265625 176.06044006347656
129 877.438720703125 154.0191192626953 898.4595336914062 174.9792022705078
130 880.0652465820312 152.4852752685547 900.187744140625 172.86056518554688
131 883.1552124023438 150.5377960205078 903.2971801757812 170.61146545410156
132 886.342529296875 147.67364501953125 907.1084594726562 169.78370666503906
133 883.3088254304239 150.03043683640462 903.8578642675149 171.24738032395794
134 883.3088254304239 150.03043683640462 903.8578642675149 171.24738032395794