121 -1 -1 -1 -1
0 351 508 406 565
1 361.0885009765625 513.3905639648438 419.166015625 571.3626098632812
2 368.0652160644531 511.63470458984375 425.1938781738281 567.6491088867188
3 375.28143310546875 507.1885681152344 432.2078552246094 563.2167358398438
4 384.18695068359375 504.62603759765625 438.3686218261719 560.46484375
5 392.7975158691406 498.47894287109375 446.3386535644531 553.2435913085938
6 400.466064453125 490.65728759765625 452.5650634765625 545.09765625
7 406.76092529296875 483.27886962890625 459.3586120605469 536.4048461914062
8 412.5303039550781 475.5667724609375 466.0198059082031 529.0362548828125
9 419.1226501464844 469.73175048828125 470.4900207519531 520.90576171875
10 425.798583984375 462.9803771972656 476.9109802246094 514.8248901367188
11 431.7098388671875 457.5782470703125 482.3853759765625 508.9298095703125
12 436.5531311035156 448.7077331542969 486.8066711425781 502.2883605957031
13 442.23748779296875 441.78729248046875 493.8320617675781 496.64398193359375
14 447.6862487792969 438.5669860839844 498.7704162597656 490.950927734375
15 452.7107849121094 433.6537170410156 502.34234619140625 485.7589111328125
16 458.0003967285156 429.38262939453125 508.4602355957031 480.2720642089844
17 460.729736328125 421.3985290527344 514.2236328125 474.3901062011719
18 464.82373046875 407.22174072265625 520.1102905273438 469.1961364746094
19 471.2599182128906 405.0367126464844 525.5736083984375 464.1205139160156
20 472.1740417480469 397.9912414550781 529.8043212890625 460.5213317871094
21 730.962890625 569.0755615234375 924.2159423828125 720.0
22 730.7431640625 572.2158203125 922.68359375 720.0
23 731.8004150390625 574.40576171875 923.261474609375 720.0
24 732.9779052734375 574.5201416015625 925.6881103515625 720.0
25 732.8095703125 577.09716796875 926.150634765625 720.0
26 283.0059509277344 296.3614501953125 433.3529357910156 413.83782958984375
27 510.39459228515625 383.71527099609375 556.6653442382812 430.2609558105469
28 514.2158203125 381.6710510253906 559.1473388671875 427.7186584472656
29 517.72998046875 377.73095703125 563.3661499023438 424.64349365234375
30 521.839111328125 375.2939758300781 567.19384765625 421.4024658203125
31 525.7771606445312 372.64141845703125 571.8681640625 417.1809997558594
32 529.0856323242188 368.3548278808594 575.2984008789062 413.3354187011719
33 532.705810546875 364.6593322753906 578.33984375 408.98431396484375
34 536.269775390625 361.3482360839844 581.3603515625 405.7008361816406
35 540.2695922851562 357.1564025878906 585.3203735351562 402.2972412109375
36 543.4539184570312 351.76629638671875 588.6360473632812 397.8907165527344
37 547.4864501953125 347.10003662109375 592.7150268554688 394.5386657714844
38 551.9146118164062 345.2305908203125 595.6893920898438 390.5381774902344
39 556.49365234375 343.3075256347656 599.5794067382812 388.29296875
40 560.7059936523438 340.728759765625 605.0260009765625 385.3580322265625
41 565.41015625 338.3405456542969 608.8741455078125 383.18865966796875
42 570.2240600585938 335.4499206542969 612.8558349609375 380.43878173828125
43 574.0720825195312 333.3247375488281 619.60498046875 378.9117736816406
44 579.114013671875 331.0697937011719 624.6826782226562 375.8609924316406
45 583.2979125976562 329.6330261230469 628.7371826171875 373.3809814453125
46 587.854736328125 327.6401062011719 634.4111938476562 372.0380859375
47 592.3646850585938 325.44769287109375 638.92333984375 370.72540283203125
48 596.2706298828125 323.4745788574219 643.1179809570312 370.2536926269531
49 601.0703735351562 321.17041015625 648.6669921875 369.4017639160156
50 604.7064819335938 318.8189697265625 653.4208374023438 368.5696716308594
51 608.615478515625 317.68768310546875 657.4649047851562 366.92535400390625
52 612.571044921875 314.6647644042969 661.5225219726562 365.38360595703125
53 615.0700073242188 312.3409423828125 666.0408325195312 362.3832092285156
54 617.7073364257812 310.4536437988281 669.7578735351562 359.8127746582031
55 620.4866943359375 307.22222900390625 673.187744140625 357.85198974609375
56 621.019287109375 302.5320739746094 674.67822265625 355.072509765625
57 620.7842407226562 298.2264099121094 676.0824584960938 352.44671630859375
58 619.2849731445312 294.56170654296875 676.9033813476562 350.5451354980469
59 619.855712890625 292.97943115234375 676.64697265625 348.4914855957031
60 619.3408203125 292.32080078125 676.2840576171875 346.83978271484375
61 618.72900390625 292.02886962890625 676.0113525390625 345.90472412109375
62 617.344970703125 291.2995300292969 675.7167358398438 346.1600036621094
63 615.5084838867188 290.56182861328125 673.9417114257812 345.68951416015625
64 613.4241943359375 289.9898376464844 671.5069580078125 345.4156188964844
65 609.8475952148438 288.6776428222656 668.6292724609375 344.16876220703125
66 606.2901000976562 285.1710205078125 665.85693359375 343.2522277832031
67 602.3068237304688 280.1903991699219 663.2141723632812 342.1567687988281
68 598.4067993164062 277.89886474609375 662.2879028320312 341.127197265625
69 594.4959106445312 277.3056945800781 660.7720947265625 340.6285400390625
70 590.4002075195312 276.7732238769531 653.8389282226562 339.4418640136719
71 585.7027587890625 274.9299621582031 648.6812744140625 338.0044250488281
72 581.0316772460938 272.4742126464844 644.8200073242188 335.3525695800781
73 576.375732421875 268.1839904785156 640.8251342773438 332.61224365234375
74 570.6918334960938 259.5994873046875 637.8258056640625 328.65362548828125
75 565.45947265625 247.83079528808594 644.7302856445312 326.8106384277344
76 567.1351928710938 249.68724060058594 645.5677490234375 327.0771789550781
77 565.7601318359375 251.05531311035156 641.3975219726562 325.77874755859375
78 562.3054809570312 249.26800537109375 642.1492919921875 324.7145080566406
79 569.0791625976562 249.56857299804688 645.3566284179688 325.1125793457031
80 571.9223022460938 249.3028106689453 650.572265625 326.0277404785156