222 -1 -1 -1 -1
0 206 534 277 601
1 204.39401245117188 528.7537841796875 280.9324645996094 601.508056640625
2 205.26541137695312 530.67138671875 282.0378112792969 620.7933349609375
3 205.240478515625 560.9510498046875 285.26727294921875 662.7730102539062
4 206.9365234375 583.3002319335938 288.0989074707031 673.15771484375
5 214.74313354492188 599.9036865234375 291.351318359375 673.0791625976562
6 220.8915557861328 611.2652587890625 296.42559814453125 701.1260375976562
7 221.2994842529297 617.3345947265625 302.20294189453125 706.1768798828125
8 230.35226440429688 615.9818725585938 311.0501708984375 703.491455078125
9 234.1576690673828 615.0204467773438 314.1023864746094 701.4683837890625
10 240.29910278320312 615.726318359375 320.3917541503906 691.3062744140625
11 253.12591552734375 612.0009765625 328.28326416015625 683.5386352539062
12 267.3338317871094 607.4616088867188 337.5554504394531 675.3555297851562
13 279.7466735839844 602.5269165039062 345.6707458496094 669.8707275390625
14 288.12847900390625 597.08837890625 354.19403076171875 664.5062866210938
15 296.63763427734375 587.060791015625 362.22625732421875 655.27392578125
16 304.373291015625 577.8724365234375 368.6102600097656 643.421875
17 311.8271789550781 564.58935546875 374.5246887207031 630.0427856445312
18 319.54486083984375 552.4568481445312 381.09722900390625 615.88671875
19 326.78265380859375 539.0960083007812 387.4187316894531 603.145751953125
20 329.18182373046875 534.712890625 389.5531311035156 598.9391479492188
21 332.9869689941406 526.8279418945312 393.2062683105469 590.5051879882812
22 338.31817626953125 518.3648071289062 397.4214172363281 579.4251708984375
23 344.6470642089844 508.0452880859375 402.93731689453125 567.6071166992188
24 349.927001953125 498.089599609375 407.9530334472656 558.9852905273438
25 355.2987976074219 488.2077331542969 413.711669921875 547.8992919921875
26 361.2356262207031 478.4828796386719 418.4156188964844 536.1286010742188
27 366.42822265625 469.4841613769531 422.2995300292969 527.0316772460938
28 371.1861877441406 457.8638000488281 426.5211486816406 517.469482421875
29 377.1505126953125 450.00982666015625 431.154296875 506.47027587890625
30 382.0953063964844 441.3152770996094 434.73187255859375 496.2526550292969
31 386.284912109375 432.569580078125 438.95263671875 487.0602722167969
32 391.27880859375 424.614501953125 442.1673278808594 478.0987548828125
33 396.3512268066406 416.0873107910156 447.476806640625 469.89361572265625
34 401.1271667480469 409.078125 450.693359375 460.9463195800781
35 404.9140930175781 401.5028381347656 453.90338134765625 453.16827392578125
36 406.096435546875 399.2314147949219 454.9195251464844 450.8641357421875
37 409.63494873046875 393.88720703125 457.41180419921875 443.50830078125
38 413.4584045410156 386.34136962890625 461.2827453613281 436.0535888671875
39 416.607177734375 378.46435546875 464.1346435546875 427.59320068359375
40 419.19488525390625 370.10931396484375 467.56341552734375 420.245361328125
41 423.5272521972656 363.69921875 470.46221923828125 412.5569152832031
42 427.9565124511719 357.5361328125 474.10003662109375 405.7197265625
43 432.0182189941406 351.01409912109375 477.4158020019531 397.4853820800781
44 434.6239929199219 345.64617919921875 480.9061279296875 390.6112365722656
45 437.189453125 337.49139404296875 483.3966064453125 384.25048828125
46 440.6675720214844 330.30419921875 485.5567321777344 377.4530029296875
47 444.9660339355469 324.7948913574219 488.65869140625 370.2355651855469
48 447.15911865234375 317.810791015625 492.440185546875 364.38922119140625
49 450.8439025878906 313.84783935546875 494.91015625 358.7111511230469
50 454.7010192871094 308.3118896484375 497.43994140625 352.9240417480469
51 458.82452392578125 303.1629943847656 499.1746520996094 346.52996826171875
52 458.5323791503906 296.83673095703125 502.0029602050781 341.8375549316406
53 454.88677978515625 289.59698486328125 505.5771179199219 336.71478271484375
54 453.3726806640625 283.98431396484375 508.4575500488281 333.43634033203125
55 465.50958251953125 280.4710388183594 509.8890686035156 323.10711669921875
56 471.3068542480469 276.4190673828125 511.59649658203125 316.1988830566406
57 474.165771484375 271.425048828125 513.5906982421875 312.04998779296875
58 476.41961669921875 266.4920959472656 515.7548828125 308.68035888671875
59 478.473876953125 262.4276123046875 518.4207763671875 302.8109436035156
60 480.27386474609375 257.6543884277344 521.0037231445312 297.3551330566406
61 481.7655029296875 253.63731384277344 523.11083984375 292.9896240234375
62 485.0838623046875 250.51748657226562 524.47607421875 288.3291015625
63 488.5036315917969 246.55401611328125 526.1361083984375 282.9391784667969
64 490.8856201171875 241.43011474609375 528.220947265625 277.8157043457031
65 492.7989196777344 234.490478515625 531.6416015625 274.0660095214844
66 494.45953369140625 230.4707489013672 533.0100708007812 268.5666198730469
67 495.8187255859375 227.42727661132812 534.3465576171875 264.4513244628906
68 496.9289855957031 223.148193359375 535.44189453125 260.47283935546875
69 500.06597900390625 219.0194091796875 538.258056640625 256.5316162109375
70 503.2028503417969 216.07247924804688 540.0304565429688 252.03814697265625
71 505.42120361328125 211.9278564453125 541.0574951171875 247.10655212402344
72 506.85400390625 207.67977905273438 542.7329711914062 243.31495666503906
73 509.3406677246094 203.95863342285156 544.0308227539062 239.3489532470703
74 510.73699951171875 200.56980895996094 545.5684814453125 235.86106872558594
75 511.7537536621094 196.92230224609375 546.0867919921875 232.69810485839844
76 512.9950561523438 193.52609252929688 546.5856323242188 229.21998596191406
77 515.077392578125 190.60545349121094 547.9317626953125 224.5603790283203
78 517.0307006835938 187.4574737548828 549.6378173828125 221.26028442382812
79 519.115966796875 184.64939880371094 551.2420654296875 217.40272521972656
80 520.8182373046875 180.9683837890625 552.7150268554688 212.46424865722656
81 522.1737670898438 177.85862731933594 553.9485473632812 209.1717529296875
82 523.5185546875 173.9069366455078 555.5784301757812 206.230224609375
83 525.2473754882812 170.71588134765625 557.2185668945312 203.50494384765625
84 526.4322509765625 167.4645233154297 558.5798950195312 199.71205139160156
85 527.419189453125 164.54498291015625 559.90478515625 197.0361785888672
86 528.2584228515625 162.14356994628906 560.9046630859375 193.9315643310547
87 529.6219482421875 158.5950164794922 562.257568359375 190.9521484375
88 530.9080200195312 155.5786590576172 563.2196044921875 188.20257568359375
89 533.1453857421875 153.083251953125 564.6976928710938 184.5758819580078
90 534.5938110351562 149.42857360839844 565.1273803710938 181.3726043701172
91 536.1338500976562 146.7855682373047 566.4833984375 177.87857055664062
92 536.7556762695312 144.10205078125 567.6322631835938 175.81723022460938
93 537.7816162109375 141.60107421875 568.437255859375 173.5052490234375
94 539.0732421875 138.39540100097656 569.534423828125 169.9633026123047
95 539.7799682617188 135.7356719970703 571.4404907226562 167.01968383789062
96 540.7023315429688 133.33273315429688 572.8427124023438 164.02391052246094
97 542.2149047851562 131.7049560546875 573.862548828125 161.5078582763672
98 543.0238647460938 129.3988494873047 574.0982666015625 159.23086547851562
99 544.0670166015625 127.31098175048828 575.0347900390625 157.24429321289062
100 544.418212890625 125.4036636352539 575.6529541015625 155.65692138671875
101 545.2109985351562 122.83360290527344 576.0311889648438 153.05953979492188
102 546.9505615234375 120.42305755615234 576.9148559570312 150.92869567871094
103 548.8301391601562 117.27324676513672 577.8827514648438 148.29739379882812
104 550.9879150390625 114.52521514892578 578.4776611328125 145.1643829345703
105 551.5888061523438 112.69188690185547 579.0745239257812 142.36801147460938
106 551.9386596679688 111.98731231689453 579.4691772460938 141.3880615234375
107 551.6251220703125 108.72408294677734 580.1179809570312 139.274658203125
108 551.3732299804688 104.24342346191406 580.8590698242188 137.14344787597656
109 551.622314453125 102.14894104003906 581.2645874023438 135.52210998535156
110 551.0740356445312 99.45701599121094 580.8878784179688 133.22239685058594
111 551.3237915039062 97.8223876953125 580.5325317382812 130.0473175048828
112 551.8088989257812 97.40695190429688 580.3460083007812 128.95306396484375
113 552.5554809570312 96.94493103027344 580.4363403320312 127.82453918457031
114 554.3696899414062 96.46118927001953 581.1277465820312 126.57825469970703
115 554.8248291015625 95.24090576171875 581.5451049804688 124.63821411132812
116 554.8033447265625 94.89801025390625 581.7462768554688 124.12950134277344