178 -1 -1 -1 -1
0 418 420 451 458
1 418 420 451 458
2 421.55670166015625 419.6299743652344 463.21630859375 464.6668395996094
3 423.60284423828125 415.51068115234375 465.49029541015625 461.81243896484375
4 427.19384765625 415.1993408203125 467.1794128417969 459.3740539550781
5 428.9283752441406 415.5799560546875 469.1575927734375 458.30523681640625
6 431.1231384277344 413.2095642089844 472.3397521972656 455.9516296386719
7 434.83233642578125 412.4833984375 475.4306945800781 454.73968505859375
8 437.574462890625 413.5119934082031 476.83636474609375 453.116943359375
9 439.5431213378906 414.12640380859375 478.3852844238281 451.1950988769531
10 441.3470458984375 413.47222900390625 479.9755554199219 449.87249755859375
11 443.46392822265625 412.820556640625 480.771240234375 448.96392822265625
12 445.68524169921875 412.144287109375 481.6295471191406 447.9672546386719
13 446.6832580566406 411.26507568359375 482.4546203613281 447.04107666015625
14 447.7776794433594 410.91400146484375 483.4964294433594 446.2936096191406
15 448.8731689453125 410.5259704589844 484.2771911621094 445.06402587890625
16 449.9049987792969 409.95257568359375 485.2459716796875 444.1892395019531
17 450.8466796875 408.5389099121094 486.30712890625 443.32232666015625
18 452.29974365234375 407.3050231933594 487.7190856933594 442.4046325683594
19 453.85101318359375 405.12933349609375 489.1127014160156 441.13714599609375
20 455.1873779296875 403.6426086425781 489.79248046875 439.85003662109375
21 456.1104431152344 402.712890625 491.861083984375 439.3695373535156
22 457.46051025390625 401.7303771972656 493.31085205078125 438.7774963378906
23 458.7779846191406 400.4151611328125 494.50494384765625 437.7431945800781
24 458.4320983886719 399.1002197265625 495.56549072265625 436.69366455078125
25 459.2181396484375 398.4510803222656 496.61663818359375 435.9105529785156
26 460.62396240234375 398.5426330566406 497.3215637207031 434.9610290527344
27 461.98052978515625 398.172119140625 498.3489990234375 433.7747802734375
28 463.3503723144531 397.9586181640625 499.1327209472656 432.9704284667969
29 464.6855773925781 397.34808349609375 500.3902587890625 432.1608581542969
30 466.47369384765625 396.8868408203125 501.8076171875 430.9880065917969
31 467.5635681152344 395.401123046875 503.01409912109375 430.0199279785156
32 468.9011535644531 394.32464599609375 504.9987487792969 428.8711853027344
33 470.31982421875 392.4398498535156 507.0589904785156 427.8840026855469
34 472.08636474609375 390.77996826171875 508.5898742675781 426.0968322753906
35 473.51690673828125 389.8594970703125 509.7160949707031 424.5517883300781
36 474.9132995605469 388.11346435546875 510.8284606933594 423.8780517578125
37 476.4208984375 385.8517761230469 512.3911743164062 423.0180969238281
38 477.69830322265625 384.1341552734375 513.8001098632812 421.8523864746094
39 478.1868896484375 383.17572021484375 514.5239868164062 420.845703125
40 478.86175537109375 383.1090393066406 515.5310668945312 420.61737060546875
41 478.9534912109375 382.66778564453125 516.8200073242188 420.4652099609375
42 479.52276611328125 382.5316467285156 517.4502563476562 419.7322082519531
43 480.4719543457031 382.0356140136719 518.2715454101562 418.3712463378906
44 481.75006103515625 381.22125244140625 519.4754028320312 417.8224792480469
45 483.1722717285156 380.74346923828125 520.177734375 416.8950500488281
46 484.74945068359375 380.5975341796875 520.8377075195312 416.00250244140625
47 485.2461242675781 380.1592102050781 521.936767578125 415.9586181640625
48 486.0609130859375 378.7976989746094 523.4134521484375 415.7034606933594
49 487.1458435058594 376.3144836425781 525.1994018554688 414.8023986816406
50 488.7174377441406 375.8144226074219 525.9668579101562 414.497802734375
51 489.488525390625 375.5862731933594 526.8185424804688 413.9606018066406
52 488.23138427734375 372.2045593261719 527.7186279296875 413.216552734375
53 487.0097961425781 369.9462585449219 528.1326904296875 412.50482177734375
54 487.4407958984375 369.9992980957031 528.2879638671875 411.6552429199219
55 489.37298583984375 370.1078796386719 528.6902465820312 410.87530517578125
56 490.4479064941406 370.18927001953125 529.119873046875 410.6083679199219
57 491.2422790527344 370.0605773925781 529.2776489257812 410.2232971191406
58 491.8373107910156 369.8215637207031 530.083984375 409.871337890625
59 492.485107421875 369.61395263671875 530.3218383789062 409.7055969238281
60 492.6595764160156 369.6902770996094 530.9661254882812 409.8086242675781
61 493.3065490722656 369.4591369628906 531.3480224609375 409.6848449707031
62 493.8497009277344 369.5289001464844 532.3121337890625 410.9893798828125
63 494.259765625 369.4519958496094 532.8043823242188 410.8298645019531
64 494.5620422363281 369.4766540527344 534.4741821289062 410.3607482910156
65 494.6909484863281 369.6535949707031 535.511962890625 410.4942321777344
66 494.338623046875 369.64837646484375 535.8033447265625 410.4259338378906
67 494.2052307128906 368.57080078125 536.9713134765625 410.2619323730469
68 495.0125427246094 368.3522033691406 537.7216186523438 410.25689697265625
69 495.2551574707031 368.128173828125 538.7431030273438 410.52655029296875
70 496.04083251953125 368.72308349609375 539.8056030273438 410.8018493652344
71 496.4720764160156 368.8065185546875 540.7549438476562 411.1302490234375
72 497.09442138671875 368.6997985839844 541.759521484375 411.3835144042969
73 497.5649719238281 368.3170471191406 541.78466796875 411.48419189453125
74 498.5343933105469 367.6341552734375 542.9159545898438 411.46136474609375
75 498.6347351074219 367.74468994140625 543.4288330078125 412.33392333984375
76 499.0025939941406 367.3775939941406 544.583251953125 412.3646545410156
77 499.382080078125 367.1225891113281 545.357666015625 412.4184875488281
78 499.83966064453125 367.1085205078125 546.3383178710938 412.3691711425781
79 500.4123840332031 366.72662353515625 547.234375 412.3074645996094
80 500.956298828125 366.4244079589844 547.8021850585938 412.35089111328125
81 501.1932373046875 365.4364013671875 548.5341186523438 412.7420654296875
82 501.93798828125 364.6369323730469 549.8822631835938 413.2189636230469
83 503.14349365234375 363.5997619628906 552.5118408203125 413.641845703125
84 504.39208984375 363.2952575683594 554.4005126953125 413.8687744140625
85 505.345703125 363.9532775878906 555.7153930664062 413.9351501464844
86 506.0392761230469 364.62957763671875 556.5062866210938 414.1612854003906
87 506.307861328125 364.47149658203125 557.0718994140625 414.75396728515625
88 506.7673034667969 364.54852294921875 557.7351684570312 415.8525085449219
89 506.6077880859375 364.24072265625 558.6576538085938 416.1814270019531
90 507.02685546875 363.38690185546875 560.5770874023438 416.5038146972656
91 507.85113525390625 363.2919921875 562.3627319335938 416.338623046875
92 507.6328125 361.3413391113281 563.6942749023438 416.6263732910156
93 508.3800048828125 361.4186096191406 564.0318603515625 416.7326354980469
94 509.3667907714844 360.32122802734375 565.5397338867188 417.1225891113281
95 510.35858154296875 360.3385314941406 565.8375854492188 417.0758056640625
96 509.94671630859375 359.4418640136719 567.1152954101562 417.9002685546875
97 510.9796142578125 359.4723815917969 568.7451171875 418.3348083496094
98 512.0654907226562 357.3922424316406 569.9686889648438 418.6236877441406
99 512.2177734375 357.1724853515625 572.2273559570312 419.73529052734375
100 512.1234130859375 354.26043701171875 574.3477783203125 420.6695251464844
101 511.7470703125 350.3074645996094 579.5509643554688 422.5539855957031
102 512.9976806640625 346.3865661621094 581.7464599609375 422.6937255859375
103 511.96295166015625 344.1798400878906 592.36962890625 423.4963073730469
104 512.5987548828125 342.07373046875 593.22412109375 423.46575927734375
105 512.5629272460938 343.5160827636719 612.0986938476562 425.48980712890625
106 513.4796142578125 349.7743835449219 610.9002685546875 426.1310119628906
107 515.1342163085938 354.06915283203125 597.9124755859375 426.1590576171875
108 513.24462890625 355.01031494140625 591.2719116210938 426.46630859375
109 514.5789794921875 355.4949035644531 588.9319458007812 427.3583068847656
110 515.1670532226562 356.9052734375 585.7657470703125 429.2545471191406
111 515.7609252929688 356.8609924316406 587.4478759765625 431.10345458984375
112 515.2269897460938 356.2829284667969 598.2026977539062 432.7662048339844
113 514.8049926757812 355.8942565917969 606.0286254882812 433.31451416015625
114 515.611572265625 356.0562744140625 609.4993896484375 433.2957458496094
115 514.4356689453125 357.7152404785156 609.7672119140625 433.8118896484375
116 514.2359008789062 359.6412658691406 605.1763916015625 434.1838073730469
117 513.7301025390625 360.4111022949219 598.2335205078125 435.5127868652344
118 514.142300582295 359.3378288838239 602.203803646299 434.6245007387887
119 511.89984130859375 359.9802551269531 593.0384521484375 436.75555419921875
120 513.0210709454443 359.6590420053885 597.6211278973683 435.6900274690037
121 511.0198974609375 359.1266784667969 590.2765502929688 438.9789733886719
122 512.0204842031909 359.3928602360927 593.9488390951685 437.3345004288378
123 506.72149658203125 361.25103759765625 586.10498046875 440.5140380859375
124 504.97088623046875 359.4944152832031 584.7496948242188 442.0911865234375
125 502.61944580078125 357.4820251464844 583.4404907226562 443.8770751953125
126 500.1939697265625 356.8119201660156 582.9055786132812 445.8504638671875
127 497.73602294921875 354.4388732910156 582.0128784179688 446.67657470703125
128 493.9999694824219 353.3355407714844 580.8844604492188 447.2400817871094
129 492.00244140625 354.49444580078125 580.5625610351562 449.867431640625
130 489.1961364746094 354.9326477050781 579.0176391601562 451.05438232421875
131 486.9993591308594 356.2174072265625 579.6005249023438 451.4941711425781
132 484.00787353515625 356.4175720214844 578.3649291992188 451.3966979980469
133 481.5679626464844 356.08184814453125 577.0735473632812 450.2291564941406
134 476.1114807128906 349.101806640625 585.1653442382812 450.8037109375
135 470.7186279296875 326.6074523925781 592.44677734375 451.9446105957031
136 469.5538024902344 342.3053283691406 575.9615478515625 452.9652099609375
137 467.3094787597656 349.7339782714844 568.453857421875 453.9303894042969
138 465.72625732421875 351.22979736328125 566.4476318359375 454.1680908203125
139 462.5819091796875 351.19677734375 565.3204345703125 455.54119873046875
140 461.87164306640625 351.7966613769531 567.29345703125 456.8055725097656
141 459.17138671875 351.60284423828125 567.4636840820312 457.4696960449219
142 460.8920593261719 351.1492614746094 572.18017578125 458.2760925292969
143 457.23809814453125 349.38690185546875 579.3006591796875 460.3712463378906
144 459.18029416744287 350.2772042653704 574.5851988057775 458.8994499329261
145 455.8011169433594 346.76885986328125 583.2182006835938 459.71539306640625
146 455.5100402832031 345.2326965332031 574.589111328125 460.2388916015625
147 645.9360961914062 324.02001953125 789.9591674804688 464.053466796875
148 449.41070556640625 343.66082763671875 560.0426635742188 468.97845458984375
149 500.31447006088024 339.554884775863 621.6974750413278 465.4458831317942
150 500.31447006088024 339.554884775863 621.6974750413278 465.4458831317942
151 500.31447006088024 339.554884775863 621.6974750413278 465.4458831317942
152 500.31447006088024 339.554884775863 621.6974750413278 465.4458831317942
153 500.31447006088024 339.554884775863 621.6974750413278 465.4458831317942