94 -1 -1 -1 -1
0 520 441 578 495
1 532.622314453125 432.0955810546875 586.37890625 485.8857421875
2 540.27880859375 425.31048583984375 591.9638061523438 476.6972961425781
3 550.3831787109375 416.4203186035156 601.1786499023438 468.480224609375
4 560.1583251953125 407.94281005859375 609.5059204101562 456.6509704589844
5 569.720458984375 397.0825500488281 619.9899291992188 446.45489501953125
6 578.671630859375 387.358642578125 627.5042724609375 435.7459716796875
7 586.6463012695312 378.5079650878906 636.2395629882812 427.1404724121094
8 594.94873046875 370.57568359375 643.1036987304688 418.2615661621094
9 602.4814453125 361.54248046875 651.3399658203125 409.49725341796875
10 611.0285034179688 352.3985900878906 659.1307983398438 400.70672607421875
11 619.1676635742188 344.4139099121094 666.5912475585938 391.701904296875
12 626.5928955078125 336.1695556640625 673.4935302734375 383.88336181640625
13 968.93359375 534.5794067382812 1060.724365234375 618.4346313476562
14 639.7399291992188 318.49127197265625 690.1954345703125 368.43731689453125
15 645.80419921875 308.7663879394531 697.4525756835938 360.9212646484375
16 652.3934326171875 302.79339599609375 703.7362060546875 352.8069763183594
17 968.5618896484375 534.4854736328125 1060.2105712890625 619.9290771484375
18 968.3385009765625 534.3518676757812 1060.04541015625 619.5467529296875
19 672.7479248046875 279.7109069824219 721.4649047851562 332.11309814453125
20 681.533935546875 276.9535827636719 725.7789306640625 325.7279968261719
21 687.374755859375 271.89410400390625 731.6409301757812 318.1586608886719
22 693.6861572265625 268.55999755859375 737.4019775390625 312.4862365722656
23 700.4063110351562 264.1254577636719 742.2811889648438 306.54718017578125
24 705.8571166992188 257.2425842285156 748.193603515625 299.51068115234375
25 711.4755859375 250.34963989257812 753.8890991210938 293.090087890625
26 717.4580688476562 246.44175720214844 758.2879638671875 287.4056701660156
27 722.6668090820312 241.00128173828125 764.017578125 281.0506591796875
28 727.7682495117188 234.13052368164062 769.5733032226562 274.9599304199219
29 733.1273803710938 227.76776123046875 773.3406982421875 268.5505676269531
30 737.2364501953125 222.20372009277344 778.65625 262.9329833984375
31 742.6806640625 219.5548553466797 782.93408203125 257.9769592285156
32 748.0518188476562 215.22242736816406 787.23583984375 252.8396453857422
33 752.0317993164062 207.78302001953125 792.3480834960938 247.78436279296875
34 757.3165283203125 202.7666015625 798.2271728515625 242.51365661621094
35 762.5618896484375 199.19931030273438 801.6589965820312 237.13418579101562
36 766.1263427734375 192.9006805419922 805.2069091796875 231.6189422607422
37 771.7024536132812 189.67308044433594 809.4099731445312 226.85870361328125
38 777.486328125 185.3530731201172 813.6636962890625 221.50233459472656
39 782.046142578125 181.20901489257812 817.5892944335938 216.3617706298828
40 783.9759521484375 176.96990966796875 820.5014038085938 211.9850616455078
41 788.7001953125 173.76283264160156 824.9928588867188 207.4502716064453
42 793.6253662109375 168.5155029296875 829.5354614257812 201.99935913085938
43 797.8116455078125 162.2879638671875 833.1846923828125 197.552001953125
44 800.166015625 158.7252655029297 835.7021484375 193.72695922851562
45 803.4185180664062 155.95672607421875 839.6100463867188 190.75051879882812
46 808.4188232421875 152.3185577392578 843.9276733398438 185.65045166015625
47 812.4469604492188 148.13742065429688 847.2545776367188 181.16236877441406
48 816.2426147460938 144.38890075683594 849.90869140625 176.90609741210938
49 818.16552734375 140.767578125 852.7345581054688 173.55072021484375
50 821.8603515625 136.68223571777344 856.4540405273438 169.4557342529297
51 824.9476318359375 132.27716064453125 860.3800048828125 165.98365783691406