100 -1 -1 -1 -1
0 496 458 553 508
1 497.42474365234375 467.23101806640625 558.7499389648438 527.0297241210938
2 648.2302856445312 366.18536376953125 730.3433227539062 448.36053466796875
3 647.809814453125 365.97564697265625 729.920166015625 449.24700927734375
4 647.5675659179688 366.2796630859375 730.094482421875 450.0440979003906
5 521.6200561523438 497.858642578125 599.1965942382812 555.0550537109375
6 525.2271728515625 487.79119873046875 582.883544921875 546.3739624023438
7 528.2400512695312 479.1961669921875 586.0244750976562 536.0419921875
8 533.2908325195312 472.8076477050781 590.4984741210938 529.3658447265625
9 536.7388305664062 466.7989196777344 595.0361938476562 523.9695434570312
10 541.091064453125 458.2572021484375 598.5533447265625 516.6214599609375
11 545.2648315429688 452.5964050292969 602.1293334960938 510.2518005371094
12 551.1392822265625 445.9705810546875 607.4032592773438 503.23028564453125
13 554.493896484375 439.11322021484375 612.0535278320312 496.7025146484375
14 557.5438842773438 432.1468200683594 614.1844482421875 489.3388366699219
15 561.1889038085938 424.1745910644531 616.9522094726562 482.6287841796875
16 564.64111328125 419.5555725097656 621.0419921875 475.5809020996094
17 568.5540161132812 413.0475158691406 626.1166381835938 469.1279602050781
18 0.5510597229003906 665.8162841796875 37.36137771606445 715.6124267578125
19 573.1544189453125 392.0577697753906 631.8502197265625 455.0780944824219
20 631.8408203125 415.56414794921875 722.859375 509.4580078125
21 631.841064453125 419.353515625 723.0496826171875 512.770263671875
22 583.8404541015625 354.6109924316406 646.5277099609375 435.7836608886719
23 631.3792724609375 424.806396484375 723.4576416015625 524.6981201171875
24 630.7779541015625 426.836181640625 723.2589111328125 525.380615234375
25 595.106201171875 359.97900390625 652.1884765625 419.8497314453125
26 631.4129638671875 438.26470947265625 723.9693603515625 538.5628051757812
27 603.6171875 354.6424560546875 657.4671630859375 409.4501953125
28 606.8203735351562 349.368408203125 659.5336303710938 404.6147155761719
29 609.543701171875 344.8531494140625 661.8831787109375 400.54022216796875
30 612.9628295898438 341.9326171875 666.42236328125 397.33477783203125
31 616.6425170898438 338.9376525878906 670.2936401367188 392.91485595703125
32 619.7747802734375 336.2048034667969 674.221435546875 390.43505859375
33 623.0852661132812 333.8069763183594 676.4075927734375 387.88330078125
34 625.7838134765625 330.7056884765625 678.8522338867188 385.21685791015625
35 627.8738403320312 327.1358642578125 682.2473754882812 383.55303955078125
36 629.513671875 323.7644958496094 684.4189453125 381.2657775878906
37 629.98095703125 320.95391845703125 686.523193359375 379.03155517578125
38 631.4769897460938 317.615966796875 689.0514526367188 376.00286865234375
39 633.2021484375 317.2867126464844 690.36328125 374.5880126953125
40 633.4736328125 315.6177978515625 691.00732421875 373.0104064941406
41 633.6937866210938 312.95941162109375 691.2901000976562 369.389892578125
42 634.9951782226562 310.88836669921875 691.8052368164062 366.5711364746094
43 636.3485717773438 308.54327392578125 692.0078125 364.36370849609375
44 637.3028564453125 305.44342041015625 692.6145629882812 359.8074645996094
45 639.2379760742188 301.814208984375 693.5781860351562 355.98797607421875
46 639.4513549804688 299.37615966796875 693.5864868164062 353.4278869628906
47 639.9764404296875 297.1813049316406 694.1085205078125 351.8128356933594
48 640.0281372070312 294.11346435546875 695.2805786132812 350.1289367675781
49 640.2574462890625 290.23687744140625 696.6360473632812 347.9230651855469
50 639.3173217773438 288.4130859375 696.9893798828125 345.9541320800781
51 639.1818237304688 287.1555480957031 696.9088134765625 343.7311096191406
52 639.625 284.64044189453125 697.4034423828125 342.0322570800781
53 639.3361206054688 282.1302795410156 697.0791625976562 339.3990783691406
54 638.0926513671875 279.4148864746094 696.0455322265625 337.685302734375
55 636.981201171875 277.5135498046875 694.989501953125 335.9068603515625
56 633.9899291992188 275.4566650390625 694.2389526367188 335.45477294921875
57 632.087158203125 273.93743896484375 693.3319702148438 334.8359069824219
58 628.8020629882812 273.6380310058594 690.218994140625 333.28277587890625
59 624.251220703125 273.40472412109375 684.4567260742188 332.37591552734375
60 619.4873657226562 273.2630310058594 680.2998657226562 331.0928955078125
61 612.1336669921875 273.2117614746094 672.1088256835938 329.6773376464844
62 604.2512817382812 271.20343017578125 662.9788818359375 328.85821533203125
63 594.2289428710938 268.74652099609375 653.2106323242188 328.90618896484375
64 584.9606323242188 268.4185485839844 644.9359130859375 329.58770751953125
65 574.7830810546875 267.402099609375 634.828125 329.1119079589844
66 561.61474609375 266.0995178222656 623.0315551757812 328.3012390136719
67 550.52392578125 266.0999450683594 612.5081787109375 327.7415466308594
68 539.5413208007812 266.4446105957031 600.63330078125 329.0946044921875
69 523.7392578125 266.19305419921875 589.1411743164062 330.0352783203125
70 513.1459350585938 265.9012145996094 579.140869140625 329.5041198730469
71 500.7735900878906 262.97930908203125 570.05224609375 329.830078125
72 492.8808898925781 260.1841735839844 562.8004150390625 329.1548156738281
73 481.9495849609375 260.096435546875 553.333251953125 332.12017822265625
74 467.5487060546875 240.91087341308594 553.4796142578125 334.9326477050781
75 465.208984375 255.02377319335938 540.5645751953125 335.15631103515625
76 463.4412841796875 265.4119873046875 536.7930297851562 336.5133056640625