135 -1 -1 -1 -1
0 219 459 274 509
1 0.28238677978515625 349.47869873046875 79.89630889892578 441.32476806640625
2 0.0 350.7822265625 76.28955841064453 442.99005126953125
3 254.861083984375 440.7181396484375 307.0186767578125 495.1617431640625
4 264.1167907714844 434.1673278808594 314.3070983886719 489.70111083984375
5 270.2952880859375 427.6875 322.7070007324219 483.6147155761719
6 279.7551574707031 422.0221252441406 331.6463317871094 475.078369140625
7 287.8894958496094 414.2740478515625 341.16259765625 468.0477600097656
8 297.5135498046875 408.5230407714844 349.46209716796875 462.05987548828125
9 305.8749084472656 401.8960266113281 357.20269775390625 454.6677551269531
10 313.6806945800781 394.439697265625 365.88714599609375 448.36138916015625
11 320.9342346191406 388.9454650878906 372.477294921875 440.6855163574219
12 328.650390625 383.114013671875 381.1627197265625 436.4927062988281
13 335.1347961425781 377.7826232910156 387.781982421875 430.86865234375
14 341.60455322265625 371.9206848144531 394.3559265136719 424.0461120605469
15 348.2021179199219 366.2837219238281 401.92486572265625 419.9932861328125
16 354.3304138183594 360.43084716796875 406.2727966308594 415.19781494140625
17 360.32452392578125 356.1194152832031 413.96435546875 410.4920959472656
18 365.65606689453125 351.2698669433594 419.3004455566406 405.25177001953125
19 372.007568359375 346.087646484375 424.4776611328125 400.4979553222656
20 378.99517822265625 341.213623046875 433.94921875 396.4499816894531
21 385.578369140625 338.6463623046875 439.1468200683594 394.3165283203125
22 393.0950927734375 337.85528564453125 445.02880859375 392.6529541015625
23 398.70654296875 336.12774658203125 450.68438720703125 390.0370788574219
24 404.23046875 334.2969970703125 456.6248779296875 388.4196472167969
25 410.4900207519531 333.6596374511719 462.6639709472656 388.321044921875
26 417.0093994140625 332.70587158203125 469.1771545410156 386.3468017578125
27 422.1347961425781 332.2606506347656 475.2373046875 385.67596435546875
28 425.8056640625 331.9877014160156 479.84637451171875 386.72174072265625
29 430.8778991699219 331.3476867675781 485.31640625 386.24859619140625
30 434.51141357421875 330.18133544921875 489.9395446777344 387.5587158203125
31 437.82757568359375 332.8314208984375 493.83831787109375 389.4167175292969
32 441.42034912109375 336.01751708984375 496.85931396484375 392.106689453125
33 444.2348937988281 336.5429382324219 500.27239990234375 392.84588623046875
34 447.7144775390625 338.6941833496094 503.6913146972656 395.56341552734375
35 449.563720703125 339.3028259277344 507.17388916015625 397.8490905761719
36 453.2049560546875 340.9969177246094 511.46771240234375 399.6903991699219
37 457.5688781738281 342.8740539550781 515.248046875 401.0756530761719
38 459.2341613769531 342.5107421875 517.90869140625 401.5050048828125
39 463.9366760253906 343.25799560546875 523.5875854492188 404.08929443359375
40 466.8472595214844 342.13079833984375 528.6669311523438 404.6535949707031
41 471.5621337890625 341.2379150390625 533.50634765625 403.9920654296875
42 476.34930419921875 340.10284423828125 539.4473876953125 404.5177001953125
43 482.5345458984375 338.5067138671875 547.2185668945312 403.0674743652344
44 487.6251220703125 334.6474304199219 554.0868530273438 402.55010986328125
45 494.5160217285156 332.9681091308594 562.1876831054688 400.1366882324219
46 501.23492431640625 331.9578857421875 568.5592651367188 399.7583923339844
47 505.06146240234375 330.4487609863281 575.5155639648438 399.3724670410156
48 512.3568725585938 327.41937255859375 583.6621704101562 398.293701171875
49 517.7726440429688 325.9171142578125 589.8265991210938 398.0909423828125
50 520.4315795898438 321.8560791015625 597.4085693359375 397.6507263183594
51 523.9434814453125 318.5617370605469 606.3191528320312 397.1529846191406
52 528.3531494140625 317.81591796875 610.6838989257812 396.24481201171875
53 531.9944458007812 318.01483154296875 615.54443359375 395.7945861816406
54 535.93798828125 317.0595397949219 619.3914794921875 395.4606628417969
55 537.6889038085938 315.4241943359375 623.3585815429688 395.2527160644531
56 541.1887817382812 313.1872253417969 628.681884765625 395.25909423828125
57 542.7540283203125 310.64703369140625 630.83251953125 397.92706298828125
58 543.5465087890625 307.8519592285156 632.9042358398438 397.0634765625
59 542.8928833007812 305.7910461425781 634.6956176757812 396.373046875
60 542.1121826171875 301.9155578613281 637.2271728515625 395.9966125488281
61 541.139892578125 297.024169921875 638.6787109375 395.26702880859375
62 540.3424682617188 294.809326171875 640.6317749023438 395.0480041503906
63 538.3540649414062 290.9142761230469 642.890380859375 394.0190734863281
64 533.6426391601562 286.9566955566406 645.8480834960938 392.93255615234375
65 526.7105712890625 282.07769775390625 648.1051025390625 391.6366271972656
66 522.1568603515625 276.8418273925781 639.7059936523438 390.6568298339844
67 515.9898071289062 273.9694519042969 635.6874389648438 390.2618408203125
68 512.2208862304688 270.9968566894531 633.0065307617188 390.2882385253906
69 513.7479248046875 264.214111328125 635.244873046875 389.97894287109375
70 514.7117919921875 256.3621520996094 643.9943237304688 389.72442626953125
71 514.5889892578125 253.2749786376953 644.0265502929688 387.7932434082031
72 527.2007446289062 252.98471069335938 642.7146606445312 385.5877380371094
73 520.998246906958 255.51935158957525 642.3224624480944 387.2459838572901