139 -1 -1 -1 -1
0 395 256 450 306
1 391.3515319824219 274.6400146484375 451.1805725097656 344.8914794921875
2 393.0849609375 307.04132080078125 451.61279296875 375.90667724609375
3 393.5240478515625 329.1361083984375 454.05267333984375 391.4216613769531
4 398.4046936035156 349.8965759277344 457.4554443359375 408.70758056640625
5 404.324951171875 363.8359680175781 462.6422119140625 423.82818603515625
6 407.43792724609375 368.73614501953125 469.5914306640625 432.5032043457031
7 415.47607421875 372.2643737792969 483.86065673828125 434.64556884765625
8 422.9522399902344 374.3181457519531 483.2843933105469 433.3550720214844
9 430.2587890625 370.5379943847656 490.26983642578125 428.7276611328125
10 439.7184143066406 365.3880920410156 499.0782470703125 422.5256652832031
11 443.6145935058594 361.9635925292969 502.18194580078125 417.7055358886719
12 450.1929626464844 360.5622253417969 506.4937744140625 415.2501220703125
13 456.2647399902344 361.0680847167969 511.9504089355469 414.9271545410156
14 462.64569091796875 364.7768859863281 515.8311767578125 418.2396545410156
15 465.6766052246094 362.92742919921875 522.2978515625 419.9974060058594
16 471.2756652832031 360.1246032714844 525.0995483398438 415.9560241699219
17 474.7601318359375 357.24749755859375 527.9696044921875 410.7643127441406
18 478.67694091796875 352.16326904296875 532.5054321289062 406.6182861328125
19 484.4358825683594 346.738037109375 536.3909301757812 401.42462158203125
20 486.7354736328125 343.301513671875 538.6705322265625 395.23822021484375
21 491.2411193847656 338.4007263183594 545.4719848632812 390.9732666015625
22 494.710205078125 331.1653137207031 548.9762573242188 386.9590759277344
23 499.1512145996094 328.7074279785156 551.3427124023438 382.3988342285156
24 501.406494140625 324.5318908691406 553.9703979492188 376.878173828125
25 505.5235900878906 319.98931884765625 557.6076049804688 373.40093994140625
26 507.9338073730469 316.28363037109375 563.1598510742188 369.3860778808594
27 509.9616394042969 314.0712890625 566.2196655273438 365.2491149902344
28 512.6146240234375 309.97161865234375 567.9091796875 361.09686279296875
29 518.0176391601562 305.89337158203125 572.5532836914062 357.47064208984375
30 522.32861328125 302.27593994140625 576.3388671875 353.9985656738281
31 524.9124755859375 298.1341857910156 578.8829345703125 349.3381042480469
32 528.4400024414062 293.9987487792969 581.7725219726562 347.1324157714844
33 532.9265747070312 291.9048767089844 585.7351684570312 343.21820068359375
34 536.644287109375 287.5616149902344 588.5390625 337.51422119140625
35 538.7822875976562 282.4319152832031 591.5650634765625 333.81207275390625
36 541.0861206054688 278.9263000488281 594.0994262695312 331.54681396484375
37 542.792724609375 276.1218566894531 596.5730590820312 327.72802734375
38 545.5989379882812 272.7928466796875 599.6149291992188 324.8172912597656
39 546.9486694335938 269.9660949707031 602.698486328125 321.42791748046875
40 551.4588623046875 265.2672424316406 605.7869262695312 318.1943054199219
41 554.1234741210938 261.64337158203125 607.631591796875 314.8343811035156
42 556.2107543945312 260.0767822265625 608.4794311523438 312.093017578125
43 557.5586547851562 256.699462890625 611.12255859375 310.3150634765625
44 559.2567749023438 256.4764709472656 614.1216430664062 308.8392333984375
45 561.5655517578125 254.53005981445312 617.2035522460938 308.2054443359375
46 564.61865234375 253.81809997558594 620.0778198242188 308.2611083984375
47 568.2110595703125 253.59027099609375 621.4664306640625 308.55255126953125
48 569.6924438476562 253.98292541503906 623.2244262695312 308.9033203125
49 571.8568115234375 253.0052032470703 626.4634399414062 308.99639892578125
50 573.6746826171875 253.97386169433594 628.8380126953125 308.8663024902344
51 576.5779418945312 254.0133056640625 631.8934936523438 309.5012512207031
52 579.1698608398438 254.23309326171875 634.9674682617188 309.07421875
53 580.59619140625 256.4256896972656 635.85693359375 310.3009338378906
54 582.8468627929688 256.3262939453125 639.2903442382812 310.8486328125
55 586.0660400390625 256.4198913574219 643.450439453125 312.3504638671875
56 588.9487915039062 256.3789978027344 646.2764892578125 313.4058532714844
57 594.1859741210938 257.1452331542969 651.4973754882812 315.34185791015625
58 597.880859375 256.857177734375 655.4945678710938 315.4393310546875
59 602.5033569335938 256.989990234375 661.02001953125 316.474609375
60 605.5575561523438 255.36878967285156 666.0205688476562 316.3943786621094
61 610.4959106445312 256.52813720703125 671.5276489257812 314.8372802734375
62 616.3460693359375 255.3847198486328 676.1211547851562 313.9623718261719
63 622.2262573242188 251.99366760253906 683.290771484375 312.91058349609375
64 625.5321044921875 249.45025634765625 688.3067626953125 311.7223205566406
65 631.503662109375 247.26548767089844 693.9635620117188 311.48553466796875
66 635.2230834960938 246.15635681152344 699.2440795898438 310.86126708984375
67 640.1864624023438 246.972900390625 704.2770385742188 310.2544250488281
68 646.0930786132812 245.72006225585938 709.7635498046875 310.8060302734375
69 650.7793579101562 245.3749542236328 717.0447387695312 310.9303894042969
70 653.7107543945312 245.298095703125 722.21533203125 310.9661560058594
71 656.0685424804688 244.1260986328125 725.0860595703125 310.9800109863281
72 658.8965454101562 244.67355346679688 729.0011596679688 310.8501281738281
73 661.1218872070312 246.76351928710938 730.18115234375 313.0940856933594
74 661.8118896484375 246.72921752929688 731.6195068359375 314.4169616699219
75 661.1815795898438 248.96591186523438 731.2786865234375 317.33837890625
76 659.3035888671875 250.397705078125 731.1672973632812 322.4845275878906
77 655.9329833984375 252.89859008789062 729.560302734375 326.1676940917969
78 654.6528930664062 255.1332550048828 725.949462890625 328.5811462402344
79 651.9672241210938 257.2826232910156 721.8875122070312 329.8096618652344
80 646.896240234375 256.3771057128906 718.0960083007812 330.6049499511719
81 642.2652587890625 257.94403076171875 714.1002807617188 330.8025817871094
82 637.5719604492188 253.5522918701172 710.514404296875 330.08868408203125
83 632.6812133789062 252.36131286621094 707.5341186523438 328.8288269042969
84 624.1734008789062 249.84860229492188 700.5196533203125 328.3509826660156
85 618.9718017578125 251.32769775390625 695.9524536132812 326.666748046875
86 612.2535400390625 250.2999267578125 690.1466064453125 325.6644287109375
87 607.1012573242188 249.02076721191406 684.832275390625 324.91558837890625
88 599.1884765625 247.6332244873047 679.6437377929688 324.58184814453125
89 593.4728393554688 246.0490264892578 676.4251098632812 325.7689514160156
90 585.6317749023438 245.02500915527344 674.7537231445312 328.32086181640625
91 577.4510498046875 248.07008361816406 665.7444458007812 331.9114990234375
92 568.2600708007812 249.59471130371094 659.821044921875 335.18719482421875
93 559.5130004882812 249.2250518798828 656.4493408203125 336.7919006347656
94 553.5833740234375 253.36563110351562 647.3272094726562 340.9455871582031
95 543.6974487304688 254.54376220703125 633.5824584960938 342.44140625
96 526.446533203125 256.6590576171875 615.1514892578125 345.40435791015625
97 506.0513610839844 256.3601379394531 602.6715698242188 345.6820373535156
98 489.5885314941406 258.2162170410156 585.3621826171875 357.8736267089844
99 478.2281188964844 264.8713073730469 569.3722534179688 356.46368408203125
100 467.6797180175781 270.1048889160156 550.1016235351562 359.29461669921875
101 456.1258850097656 275.0906066894531 529.028076171875 366.0769348144531