276 -1 -1 -1 -1
0 357 214 416 274
1 356.7612609863281 213.49969482421875 417.1690368652344 272.924560546875
2 355.50445556640625 207.23406982421875 419.02496337890625 272.02203369140625
3 355.8170471191406 205.65431213378906 419.6876525878906 271.37890625
4 357.11090087890625 205.11538696289062 420.22467041015625 271.10333251953125
5 358.30731201171875 205.26612854003906 420.4728698730469 272.373291015625
6 358.99993896484375 208.1145782470703 420.6956787109375 273.9165344238281
7 359.5263977050781 213.6124725341797 420.5478515625 278.27764892578125
8 355.3992004394531 219.27215576171875 419.791015625 284.71551513671875
9 354.1720886230469 225.73318481445312 418.60406494140625 289.90142822265625
10 354.09686279296875 236.6552276611328 418.3265380859375 299.7757568359375
11 353.1128234863281 246.87318420410156 417.68731689453125 309.07330322265625
12 351.2345886230469 259.95477294921875 412.3014221191406 319.5787048339844
13 350.53326416015625 275.4671325683594 408.0208740234375 332.313720703125
14 351.57379088178277 262.1388585716486 411.6521435789764 321.23622696101665
15 351.57379088178277 262.1388585716486 411.6521435789764 321.23622696101665
16 351.57379088178277 262.1388585716486 411.6521435789764 321.23622696101665
17 351.57379088178277 262.1388585716486 411.6521435789764 321.23622696101665
18 351.57379088178277 262.1388585716486 411.6521435789764 321.23622696101665
19 351.57379088178277 262.1388585716486 411.6521435789764 321.23622696101665
20 351.57379088178277 262.1388585716486 411.6521435789764 321.23622696101665
21 351.57379088178277 262.1388585716486 411.6521435789764 321.23622696101665
22 351.57379088178277 262.1388585716486 411.6521435789764 321.23622696101665
23 351.57379088178277 262.1388585716486 411.6521435789764 321.23622696101665
24 351.57379088178277 262.1388585716486 411.6521435789764 321.23622696101665
25 347.75146484375 490.00201416015625 405.77099609375 544.8709106445312
26 352.3055419921875 495.8005676269531 411.48980712890625 546.0872192382812
27 350.98408492747694 435.9355019964278 410.1006884826347 489.5703940205276
28 350.98408492747694 435.9355019964278 410.1006884826347 489.5703940205276
29 350.98408492747694 435.9355019964278 410.1006884826347 489.5703940205276
30 350.98408492747694 435.9355019964278 410.1006884826347 489.5703940205276
31 350.98408492747694 435.9355019964278 410.1006884826347 489.5703940205276
32 350.98408492747694 435.9355019964278 410.1006884826347 489.5703940205276
33 389.01422119140625 494.9239501953125 442.79840087890625 546.0364990234375
34 393.7421875 489.06658935546875 449.29498291015625 544.2455444335938
35 396.1954345703125 485.0126037597656 453.2840576171875 541.2862548828125
36 401.19915771484375 483.8499450683594 454.57928466796875 538.9176025390625
37 408.1158447265625 478.8146057128906 459.77197265625 536.0091552734375
38 410.7918395996094 476.9310302734375 463.0109558105469 533.9599609375
39 414.561279296875 477.6644287109375 465.63665771484375 535.5196533203125
40 417.7918395996094 472.8612976074219 467.7321472167969 528.48974609375
41 420.9421691894531 470.4391784667969 470.2562561035156 522.736083984375
42 425.99603271484375 463.24639892578125 475.21990966796875 518.9491577148438
43 429.35040283203125 461.12139892578125 479.01470947265625 515.4232788085938
44 431.0825500488281 458.32421875 480.6390686035156 509.1002197265625
45 432.62945556640625 452.61981201171875 482.02978515625 504.03863525390625
46 435.3523864746094 446.016845703125 484.1804504394531 500.1878662109375
47 437.87652587890625 443.32623291015625 486.61175537109375 496.58782958984375
48 440.21807861328125 441.15765380859375 489.565185546875 493.825439453125
49 441.7220764160156 439.2931823730469 490.7399597167969 490.2507019042969
50 444.2056579589844 436.5000305175781 493.9132385253906 488.41131591796875
51 447.4561767578125 433.26336669921875 495.7392883300781 485.38861083984375
52 450.0446472167969 428.52740478515625 498.05657958984375 481.4042053222656
53 450.8238830566406 424.3689270019531 500.009521484375 477.0857849121094
54 449.1032444794036 428.36756328927777 497.9088801111991 480.9517701807588
55 449.1032444794036 428.36756328927777 497.9088801111991 480.9517701807588
56 449.1032444794036 428.36756328927777 497.9088801111991 480.9517701807588
57 456.8192138671875 415.3592224121094 507.05999755859375 468.3070068359375
58 460.55389404296875 409.85528564453125 511.4761962890625 464.4247741699219
59 462.7912902832031 408.1277770996094 513.0452880859375 462.183837890625
60 464.69647216796875 407.01190185546875 514.5751953125 458.6712646484375
61 466.3995361328125 404.95697021484375 515.6283569335938 456.22125244140625
62 467.9009094238281 402.7724304199219 516.509033203125 453.763916015625
63 468.78375244140625 400.12542724609375 517.0421752929688 452.0105285644531
64 469.8250732421875 397.4600830078125 518.0193481445312 448.7631530761719
65 471.18994140625 396.4877624511719 519.8580322265625 446.7352294921875
66 473.4857177734375 395.89373779296875 522.6085815429688 446.2998962402344
67 475.12158203125 394.7925109863281 525.0318603515625 445.5008850097656
68 476.24444580078125 394.6138916015625 525.958984375 444.9238586425781
69 476.99462890625 394.1542053222656 526.4406127929688 444.5693054199219
70 477.34564208984375 393.54132080078125 526.9425659179688 444.0897521972656
71 477.38726806640625 392.40423583984375 527.8823852539062 443.490478515625
72 477.9154968261719 391.6098327636719 529.150390625 441.8455505371094
73 477.816650390625 390.1631164550781 529.623046875 441.3753356933594
74 478.5675048828125 389.5664978027344 530.3572998046875 440.9776916503906
75 478.9218444824219 388.0983581542969 530.93017578125 440.1791687011719
76 479.508056640625 388.3781433105469 531.302490234375 439.8232421875
77 480.57452392578125 389.4703674316406 531.592041015625 439.4174499511719
78 481.9911804199219 390.04473876953125 531.9634399414062 438.5856628417969
79 482.2235107421875 388.72161865234375 532.2715454101562 438.1355285644531
80 482.8779296875 388.0452880859375 532.8258056640625 438.46490478515625
81 483.6556396484375 387.44451904296875 533.2453002929688 438.97247314453125
82 484.667724609375 387.8556213378906 534.1762084960938 439.31512451171875
83 486.3658752441406 389.08343505859375 535.5106811523438 439.66583251953125
84 487.3797607421875 388.97833251953125 537.963623046875 439.6002502441406
85 486.7035827636719 387.95379638671875 537.0421752929688 439.9083251953125
86 489.057861328125 387.5787353515625 538.4750366210938 440.2646179199219
87 490.724853515625 387.9356994628906 538.7288208007812 440.4826354980469
88 490.1831359863281 387.94281005859375 540.15576171875 440.58892822265625
89 489.5901794433594 388.6585998535156 542.8448486328125 441.1640319824219
90 491.24273681640625 390.15863037109375 542.5123901367188 441.47625732421875
91 490.3072814941406 391.1812744140625 540.9097900390625 440.99005126953125
92 490.3772826289844 390.2059121666348 541.3322423087476 441.06082221939624
93 490.3772826289844 390.2059121666348 541.3322423087476 441.06082221939624
94 490.3772826289844 390.2059121666348 541.3322423087476 441.06082221939624
95 490.3772826289844 390.2059121666348 541.3322423087476 441.06082221939624
96 492.6899719238281 392.28399658203125 543.1698608398438 442.5384826660156
97 493.07305908203125 393.65594482421875 543.9572143554688 443.9123229980469
98 493.99560546875 394.4022216796875 545.036865234375 444.8587951660156
99 494.3730163574219 394.8171081542969 546.0745239257812 446.1159362792969
100 495.86798095703125 393.90283203125 547.7369384765625 448.05072021484375
101 497.035888671875 393.8616027832031 548.3370971679688 449.1264953613281
102 497.336181640625 394.1811828613281 548.8582153320312 449.99493408203125
103 497.574462890625 394.5466003417969 549.372314453125 450.840087890625
104 497.7161865234375 395.87261962890625 549.7682495117188 451.43212890625
105 497.8702697753906 397.369140625 550.3896484375 452.3125305175781
106 498.3203430175781 397.7482604980469 551.8851318359375 453.611083984375
107 498.6922607421875 398.7247314453125 552.9631958007812 454.44818115234375
108 499.397705078125 399.0947265625 553.8339233398438 454.7709655761719
109 500.2383117675781 399.5772399902344 554.6867065429688 455.1603698730469
110 501.37017822265625 400.172607421875 556.0535278320312 455.3464050292969
111 502.7786560058594 400.15960693359375 557.3943481445312 455.4653015136719
112 504.01776123046875 400.197998046875 558.8832397460938 455.5603942871094
113 504.58575439453125 400.3496398925781 559.9229736328125 456.0290222167969
114 505.3721008300781 400.4915771484375 561.2445068359375 456.6031799316406
115 506.19720458984375 399.9220886230469 561.6519165039062 457.3191223144531
116 506.7364196777344 399.9993591308594 562.8112182617188 458.0586853027344
117 507.6073913574219 400.05657958984375 563.869384765625 457.9483947753906
118 508.54571533203125 400.0503845214844 565.0264282226562 457.9220886230469
119 509.4244384765625 399.85040283203125 566.6318359375 457.5914001464844
120 510.9915771484375 399.721435546875 568.7955322265625 457.35137939453125
121 512.0857543945312 399.2414245605469 570.309814453125 457.283935546875
122 513.2265014648438 398.9589538574219 571.5203247070312 457.1683044433594
123 514.369384765625 398.7703857421875 572.4442749023438 456.6399841308594
124 515.7018432617188 397.8009948730469 573.8541259765625 456.77886962890625
125 516.7388305664062 395.9654846191406 576.0737915039062 456.48345947265625
126 518.279541015625 394.7017517089844 578.0192260742188 455.99127197265625
127 519.99951171875 393.2590637207031 579.4168090820312 455.41656494140625
128 521.0231323242188 393.3687438964844 580.8446655273438 454.729248046875
129 521.8378295898438 393.59820556640625 581.6806640625 453.51263427734375
130 522.5432739257812 392.1430358886719 583.0721435546875 453.0390625
131 521.792724609375 389.30340576171875 585.0694580078125 453.53912353515625
132 522.867919921875 388.7891540527344 585.9984130859375 453.11798095703125
133 523.455078125 386.93902587890625 587.2964477539062 452.28228759765625
134 523.8182983398438 383.11981201171875 589.4650268554688 451.3487243652344
135 523.7201538085938 381.4512634277344 590.7000732421875 450.4054260253906
136 524.5122680664062 381.2095642089844 591.9769287109375 449.62200927734375
137 526.1437377929688 380.85400390625 593.0064086914062 448.5654602050781
138 527.8561401367188 381.2432861328125 593.873779296875 448.0138244628906
139 528.8328857421875 381.2915954589844 595.1643676757812 447.4599914550781
140 529.410888671875 381.11932373046875 595.8646240234375 447.0556945800781
141 529.9911499023438 380.4790954589844 596.3450927734375 446.53375244140625
142 530.6453247070312 378.72137451171875 597.30078125 446.3511962890625
143 531.5657348632812 377.3844909667969 597.7493896484375 446.157470703125
144 532.0018310546875 376.1534423828125 598.1154174804688 445.839111328125
145 531.167724609375 375.60626220703125 597.8900756835938 445.82550048828125
146 531.0073852539062 374.8251647949219 597.9876098632812 445.2005310058594
147 530.542236328125 374.1027526855469 598.0285034179688 445.1697998046875
148 530.2711181640625 373.20416259765625 598.4873046875 445.02056884765625
149 529.4257202148438 371.67047119140625 598.6088256835938 444.7099304199219
150 529.2294921875 370.04248046875 599.0971069335938 444.45489501953125
151 528.5923461914062 367.9358825683594 599.41943359375 443.79156494140625
152 527.677734375 365.9965515136719 600.651123046875 442.4670715332031
153 527.3005981445312 364.3016662597656 600.9317626953125 441.1451721191406
154 526.0199584960938 363.1144714355469 600.7918701171875 440.8717346191406
155 525.2838134765625 362.3920593261719 600.9910278320312 440.0155334472656
156 525.2007446289062 360.5769348144531 600.848876953125 438.10357666015625
157 524.98828125 359.4781494140625 600.4151611328125 436.8835144042969
158 524.0037841796875 357.88018798828125 600.1384887695312 436.38446044921875
159 523.3068237304688 356.96905517578125 599.896728515625 435.916015625
160 521.9978637695312 355.8453674316406 599.703125 435.6932067871094
161 520.2455444335938 354.877197265625 599.2457885742188 435.2847900390625
162 517.5897827148438 354.1863708496094 598.2891235351562 434.4573059082031
163 516.2155151367188 353.32672119140625 597.9678955078125 433.89532470703125
164 513.0696411132812 351.8796691894531 595.8969116210938 433.6649169921875
165 511.4288635253906 350.2523498535156 594.8958129882812 432.6885986328125
166 510.1114501953125 348.384521484375 593.8504638671875 430.92645263671875
167 510.0061340332031 347.2002258300781 594.2725219726562 431.52581787109375
168 512.4718017578125 344.4853820800781 596.821533203125 431.1509094238281
169 515.7587890625 343.6792907714844 599.9981079101562 430.7044982910156
170 516.8727416992188 342.1585693359375 603.879150390625 431.1194763183594
171 516.7007446289062 341.23187255859375 603.080078125 431.08367919921875
172 516.7455444335938 339.95294189453125 610.0429077148438 430.0885925292969
173 516.25341796875 337.4886779785156 608.0709228515625 429.916259765625
174 514.6085205078125 336.79571533203125 606.8920288085938 429.5205383300781
175 514.8568725585938 335.81060791015625 608.2745361328125 428.73211669921875
176 515.1587700884037 336.9394881530109 607.6201920280268 429.3098076034638
177 515.1587700884037 336.9394881530109 607.6201920280268 429.3098076034638
178 515.1587700884037 336.9394881530109 607.6201920280268 429.3098076034638
179 515.1587700884037 336.9394881530109 607.6201920280268 429.3098076034638
180 515.1587700884037 336.9394881530109 607.6201920280268 429.3098076034638
181 515.9952392578125 329.48907470703125 613.1494140625 426.31219482421875
182 516.7281494140625 325.61053466796875 614.4668579101562 425.00579833984375
183 516.1525770435853 329.4124080489949 612.4258304777098 426.40839977684254
184 516.1525770435853 329.4124080489949 612.4258304777098 426.40839977684254
185 516.1525770435853 329.4124080489949 612.4258304777098 426.40839977684254
186 516.1525770435853 329.4124080489949 612.4258304777098 426.40839977684254
187 510.2674865722656 324.0726318359375 615.4888305664062 425.5833740234375
188 513.2100318079255 326.7425199424662 613.9573305220581 425.99588690014
189 513.2100318079255 326.7425199424662 613.9573305220581 425.99588690014
190 513.2100318079255 326.7425199424662 613.9573305220581 425.99588690014
191 513.2100318079255 326.7425199424662 613.9573305220581 425.99588690014