249 -1 -1 -1 -1
0 526 441 562 481
1 527.1424560546875 437.306396484375 566.2733154296875 476.325927734375
2 528.7888793945312 434.44451904296875 568.8652954101562 473.06060791015625
3 532.4442138671875 432.4929504394531 571.2761840820312 470.40826416015625
4 535.7099609375 428.7738342285156 574.8800048828125 469.1417236328125
5 538.2763061523438 426.55804443359375 577.3810424804688 466.4903869628906
6 541.1054077148438 423.8202209472656 578.9080810546875 462.659423828125
7 543.076904296875 420.8771057128906 580.441650390625 458.46624755859375
8 545.0231323242188 417.6929626464844 583.0380859375 454.7601318359375
9 546.6112060546875 414.7256164550781 585.4432373046875 452.2362365722656
10 549.2093505859375 411.9694519042969 586.7404174804688 449.8501281738281
11 551.7067260742188 409.8040466308594 588.4232788085938 447.9512634277344
12 553.7010498046875 408.1486511230469 589.3956298828125 444.0384521484375
13 554.7142944335938 405.7565002441406 589.9635620117188 440.68365478515625
14 555.0693359375 403.0131530761719 591.3668823242188 438.62652587890625
15 556.1040649414062 401.4051208496094 592.2144775390625 437.1331481933594
16 557.1970825195312 400.4736633300781 592.8724975585938 436.171875
17 557.8534545898438 399.1524353027344 593.53173828125 434.64373779296875
18 558.4080200195312 397.08935546875 594.425537109375 432.91351318359375
19 559.4505615234375 395.3716735839844 595.0860595703125 431.5622253417969
20 560.203369140625 394.0000305175781 595.6826171875 429.90960693359375
21 560.3417358398438 393.2685241699219 596.3168334960938 428.9825744628906
22 560.9546508789062 392.8741455078125 596.978759765625 428.29058837890625
23 562.0037231445312 391.3056335449219 597.7623291015625 426.8274230957031
24 563.655029296875 389.7916564941406 598.5908203125 424.93701171875
25 564.5934448242188 387.9975280761719 599.150634765625 422.9700927734375
26 565.4024047851562 387.0180969238281 599.5581665039062 421.66302490234375
27 565.3870239257812 386.0223083496094 599.5380859375 420.6806640625
28 565.513427734375 385.3280029296875 599.2736206054688 419.8311767578125
29 564.94091796875 384.5465393066406 598.234130859375 418.8471374511719
30 564.2628784179688 384.23248291015625 597.5343017578125 418.0007629394531
31 563.6578979492188 383.73199462890625 597.3020629882812 417.17742919921875
32 563.7247314453125 383.1881408691406 597.5016479492188 416.30816650390625
33 563.5971069335938 383.0357666015625 597.4896240234375 415.8294372558594
34 563.545654296875 382.7192687988281 597.3455810546875 415.29144287109375
35 563.1959228515625 382.3235168457031 597.0115966796875 414.8147277832031
36 562.8226928710938 381.9421081542969 596.8082275390625 414.5635681152344
37 562.4883422851562 380.6609802246094 596.4542846679688 413.51153564453125
38 561.4977416992188 379.6488952636719 595.7660522460938 413.047607421875
39 560.6553344726562 378.5393981933594 595.0914306640625 412.5579833984375
40 560.3005981445312 377.71539306640625 594.917236328125 412.2908020019531
41 559.6571044921875 377.42193603515625 594.0663452148438 412.14190673828125
42 558.5955200195312 377.09527587890625 593.33056640625 412.40863037109375
43 557.70654296875 377.47625732421875 592.4351806640625 412.2582702636719
44 556.9986572265625 377.1145324707031 591.3469848632812 411.4971923828125
45 555.84375 375.5915222167969 590.7608032226562 410.373291015625
46 556.0534057617188 375.6278076171875 589.8634643554688 409.96002197265625
47 555.209716796875 375.60797119140625 589.3555297851562 409.73394775390625
48 554.4779663085938 376.24774169921875 588.7628173828125 409.853759765625
49 552.8639526367188 376.91485595703125 587.195068359375 410.5358581542969
50 552.4666748046875 377.3677673339844 586.1768188476562 410.8682556152344
51 552.3114624023438 377.6673583984375 585.4776000976562 411.36187744140625
52 551.7113647460938 377.89459228515625 585.0365600585938 412.3284606933594
53 550.8257446289062 378.2684020996094 584.1442260742188 413.9248046875
54 550.1978759765625 378.50030517578125 583.78125 415.227294921875
55 550.0643920898438 378.1970520019531 583.5066528320312 415.8548889160156
56 549.4624633789062 377.9953918457031 582.90673828125 415.52691650390625
57 549.0587768554688 378.08941650390625 582.7628784179688 414.6438903808594
58 548.2550659179688 379.5474853515625 582.871337890625 415.2135314941406
59 546.4550170898438 381.0335693359375 581.2313842773438 416.37554931640625
60 545.4080200195312 381.47021484375 580.556396484375 417.23577880859375
61 544.3003540039062 382.7086486816406 579.2498779296875 418.2896423339844
62 543.8148803710938 383.3304138183594 578.5146484375 418.6299743652344
63 542.7027587890625 383.24951171875 578.138916015625 419.0809631347656
64 541.261474609375 384.930908203125 576.4920043945312 421.04632568359375
65 540.4207763671875 385.7093811035156 576.140869140625 421.4654846191406
66 537.7552490234375 385.1607360839844 575.3939208984375 422.9646301269531
67 537.0516967773438 385.6842346191406 574.3867797851562 423.17352294921875
68 536.7255249023438 385.2121887207031 573.6393432617188 422.92755126953125
69 535.7326049804688 385.2076110839844 572.3460693359375 422.9804382324219
70 535.6912231445312 385.3360900878906 571.6746826171875 422.83355712890625
71 534.7010498046875 385.35382080078125 570.57373046875 422.5536804199219
72 533.9818725585938 385.30938720703125 570.516357421875 422.6591491699219
73 532.40869140625 385.6259460449219 569.7783813476562 422.7821350097656
74 530.6834716796875 385.24066162109375 569.3909301757812 423.58404541015625
75 529.07763671875 384.92578125 568.6171875 424.4037780761719
76 528.3790893554688 385.3348388671875 567.9080810546875 425.0625305175781
77 527.638427734375 384.0838623046875 566.9338989257812 424.6033020019531
78 526.4025268554688 383.7674560546875 565.751220703125 424.7454833984375
79 525.7459716796875 383.2160339355469 565.2000122070312 424.81329345703125
80 524.9090576171875 381.6805725097656 564.7062377929688 424.4483337402344
81 523.53759765625 381.1705322265625 563.3035888671875 423.7430725097656
82 521.2720947265625 381.8362731933594 562.2799682617188 423.9571838378906
83 519.9489135742188 380.4624328613281 561.95703125 423.6067810058594
84 519.3232421875 380.11981201171875 561.4871826171875 423.2162780761719
85 518.256103515625 380.1810302734375 560.888671875 422.5781555175781
86 515.2737426757812 377.2378845214844 559.8746337890625 421.6068115234375
87 512.2753295898438 374.11444091796875 558.2974243164062 419.6568908691406
88 510.4009094238281 373.4293518066406 556.5015869140625 418.5299987792969
89 508.6485900878906 371.67529296875 554.00732421875 417.3396911621094
90 507.11785888671875 369.1239929199219 550.9729614257812 415.97259521484375
91 507.00616455078125 369.7785339355469 548.9610595703125 414.5001525878906
92 505.7272033691406 369.7882995605469 547.0419311523438 413.24517822265625
93 501.9479675292969 367.4572448730469 546.8307495117188 411.3230285644531
94 499.5538330078125 366.69989013671875 546.07861328125 410.284912109375
95 496.9927673339844 365.61480712890625 544.681640625 409.64862060546875
96 493.9949035644531 364.3135681152344 543.6956787109375 409.18646240234375
97 496.73865360900015 365.49800918272376 544.7758050157183 409.90887885689415
98 496.73865360900015 365.49800918272376 544.7758050157183 409.90887885689415
99 496.73865360900015 365.49800918272376 544.7758050157183 409.90887885689415
100 496.73865360900015 365.49800918272376 544.7758050157183 409.90887885689415
101 487.0940246582031 361.934326171875 536.16064453125 405.3047790527344
102 482.8899841308594 361.0408935546875 530.8082275390625 403.05084228515625
103 480.3860168457031 359.2347717285156 527.2235107421875 400.6737976074219
104 478.1905517578125 356.4289245605469 525.9871215820312 399.1462707519531
105 481.04257049838964 358.6177878664007 528.7089950156308 401.07379368282835
106 481.04257049838964 358.6177878664007 528.7089950156308 401.07379368282835
107 481.04257049838964 358.6177878664007 528.7089950156308 401.07379368282835
108 481.04257049838964 358.6177878664007 528.7089950156308 401.07379368282835
109 481.04257049838964 358.6177878664007 528.7089950156308 401.07379368282835
110 481.04257049838964 358.6177878664007 528.7089950156308 401.07379368282835
111 481.04257049838964 358.6177878664007 528.7089950156308 401.07379368282835
112 481.04257049838964 358.6177878664007 528.7089950156308 401.07379368282835
113 481.04257049838964 358.6177878664007 528.7089950156308 401.07379368282835
114 481.04257049838964 358.6177878664007 528.7089950156308 401.07379368282835