245 -1 -1 -1 -1
0 516 449 565 503
1 515.9600830078125 446.48883056640625 575.4071044921875 500.83001708984375
2 520.2549438476562 442.261962890625 577.7645263671875 497.55035400390625
3 524.3533325195312 439.62298583984375 578.8182373046875 492.9234313964844
4 530.9406127929688 435.2987365722656 584.365234375 487.5694274902344
5 537.0989379882812 430.25079345703125 590.0518798828125 483.68499755859375
6 540.9901733398438 427.6120910644531 594.1934204101562 479.95751953125
7 544.8441772460938 425.5177307128906 597.0615234375 478.3526306152344
8 548.2510375976562 423.9402770996094 601.0612182617188 478.9625549316406
9 552.9296875 423.79742431640625 605.4402465820312 479.55133056640625
10 556.1952514648438 421.6413269042969 609.2680053710938 478.00390625
11 558.6304321289062 416.3735046386719 611.1282348632812 471.8131408691406
12 561.5183715820312 410.4117431640625 613.063720703125 466.72052001953125
13 563.3469848632812 405.6317138671875 615.8305053710938 462.5646667480469
14 565.8888549804688 401.69293212890625 618.42041015625 456.6527099609375
15 568.6932983398438 396.8124694824219 620.7660522460938 452.81915283203125
16 570.7516479492188 393.0879821777344 622.7435913085938 448.0403747558594
17 572.72314453125 389.1895751953125 625.3612670898438 443.0367431640625
18 574.14794921875 385.3431701660156 625.9769897460938 438.1162109375
19 576.7147216796875 379.88250732421875 628.2753295898438 434.5463562011719
20 577.6469116210938 376.7172546386719 628.6141357421875 431.8465576171875
21 578.441650390625 373.5513610839844 629.8008422851562 427.5765686035156
22 579.6676635742188 370.0774230957031 632.1614379882812 423.3332824707031
23 580.9140625 366.9694519042969 633.834716796875 420.55194091796875
24 580.4883422851562 362.10821533203125 633.4176025390625 418.3109436035156
25 580.6851806640625 360.31170654296875 633.677734375 415.93084716796875
26 581.212890625 358.0135192871094 634.1181640625 413.0110168457031
27 581.6129150390625 356.1194763183594 634.4998779296875 409.405517578125
28 581.956298828125 354.1492614746094 635.0745849609375 406.9393615722656
29 583.0965576171875 351.3532409667969 636.4080200195312 405.1400146484375
30 581.2509155273438 348.97900390625 635.1424560546875 404.49053955078125
31 579.7589721679688 345.2357177734375 634.3179321289062 403.77972412109375
32 579.2398071289062 344.5251770019531 633.0294799804688 401.6580505371094
33 578.4749145507812 343.6225891113281 631.6550903320312 400.0850524902344
34 577.921875 341.8880920410156 630.6643676757812 396.6498718261719
35 578.0966796875 339.93743896484375 630.2313232421875 393.1813659667969
36 575.9199829101562 338.1808166503906 628.025146484375 392.0841369628906
37 574.0635986328125 336.3453369140625 626.399658203125 390.7113952636719
38 572.541259765625 334.4261474609375 626.0294189453125 389.7718811035156
39 570.126953125 332.7615661621094 625.320068359375 388.8822021484375
40 570.3927612304688 330.76751708984375 625.7994995117188 388.5664978027344
41 567.2944946289062 329.8093566894531 622.8604125976562 388.61956787109375
42 564.0834350585938 328.12542724609375 619.8378295898438 388.48712158203125
43 561.3458862304688 327.1005859375 617.4234008789062 387.3213806152344
44 560.1735229492188 327.72491455078125 614.2174682617188 385.6884765625
45 557.5416870117188 327.1329040527344 612.0353393554688 384.3507995605469
46 555.44921875 325.9599609375 610.598876953125 383.0185241699219
47 552.6177978515625 323.7735900878906 609.6470336914062 382.001220703125
48 550.3277587890625 321.70751953125 607.7210693359375 379.73480224609375
49 547.7413940429688 318.17218017578125 605.4338989257812 377.2296142578125
50 545.2090454101562 317.31597900390625 602.7503051757812 375.8035888671875
51 543.3032836914062 316.854248046875 599.2620239257812 374.5236511230469
52 542.571044921875 313.3875732421875 598.4255981445312 373.3049011230469
53 538.4642944335938 310.1400146484375 595.7320556640625 373.4091491699219
54 536.2692260742188 310.7289733886719 593.9378051757812 373.9997253417969
55 532.3060913085938 310.44384765625 590.5806884765625 373.7564392089844
56 530.6917724609375 309.48876953125 587.6563720703125 372.84661865234375
57 526.90380859375 310.5794372558594 583.3301391601562 373.1975402832031
58 525.73583984375 310.04205322265625 582.2952270507812 371.8048095703125
59 523.2020874023438 310.1495666503906 580.6553344726562 372.6371154785156
60 520.140380859375 309.6153259277344 578.3504028320312 372.80816650390625
61 514.73095703125 310.3176574707031 573.9281005859375 373.68072509765625
62 513.6055297851562 309.26220703125 570.9332885742188 372.2562255859375
63 510.8748474121094 310.2460021972656 567.9404907226562 373.6062316894531
64 507.1470642089844 311.0553283691406 564.78955078125 372.3208923339844
65 504.4638366699219 309.88433837890625 563.2942504882812 371.1862487792969
66 499.1761474609375 310.405029296875 559.0055541992188 372.4361267089844
67 497.11297607421875 309.65850830078125 557.4185791015625 372.8684387207031
68 494.2199401855469 308.4962463378906 554.3045043945312 373.7118835449219
69 489.2790222167969 309.04949951171875 550.6979370117188 375.75665283203125
70 485.11846923828125 310.16461181640625 547.9306640625 377.26873779296875
71 483.8621520996094 309.54364013671875 546.6077270507812 375.9031066894531
72 479.6634826660156 311.07379150390625 542.61572265625 376.6583251953125
73 478.9942932128906 311.6690368652344 541.2544555664062 376.2340393066406
74 475.2969970703125 315.07232666015625 537.1306762695312 378.593017578125
75 472.4627685546875 315.5091857910156 534.9945678710938 380.9725646972656
76 472.0751037597656 314.7876281738281 534.3143310546875 382.03009033203125
77 468.82830810546875 317.6135559082031 532.0838012695312 384.3575134277344
78 467.74615478515625 318.2592468261719 532.2337036132812 384.57244873046875
79 465.5155029296875 320.30322265625 531.4038696289062 386.89874267578125
80 463.6403503417969 321.088623046875 530.3875732421875 389.8269348144531
81 464.27734375 321.3423156738281 530.5879516601562 390.25872802734375
82 463.2269592285156 323.41705322265625 529.040771484375 391.6163635253906
83 464.0408935546875 324.3434143066406 529.2403564453125 391.8744812011719
84 464.480712890625 325.5322265625 529.5639038085938 393.6219787597656
85 464.1283874511719 326.583740234375 529.97412109375 396.33111572265625
86 464.66375732421875 327.2702941894531 531.2459106445312 397.26165771484375
87 465.01080322265625 328.4687194824219 532.6041870117188 398.6750183105469
88 465.2486572265625 330.0624084472656 533.6900634765625 400.08740234375
89 465.0589904785156 331.644287109375 535.1506958007812 403.5677795410156
90 466.7732849121094 335.3812561035156 536.7818603515625 407.99365234375
91 468.3153076171875 336.88018798828125 539.3865356445312 410.6619873046875
92 470.6640930175781 338.9286193847656 542.0712890625 413.6109924316406
93 471.1273193359375 341.98956298828125 544.1471557617188 416.5932312011719
94 472.8074035644531 344.302978515625 546.5590209960938 419.39715576171875
95 472.7615051269531 347.5542297363281 548.5422973632812 423.8711242675781
96 474.17657470703125 348.32452392578125 550.2354736328125 424.8367614746094
97 475.6057434082031 350.7950134277344 553.052001953125 428.9973449707031
98 477.8925476074219 355.8216552734375 555.2222900390625 432.70361328125
99 479.261474609375 360.9057922363281 557.0728149414062 437.4696960449219
100 481.7682189941406 363.5602111816406 560.3148193359375 441.40350341796875
101 485.0145568847656 366.12884521484375 562.8068237304688 443.1269836425781
102 485.3498229980469 366.47119140625 565.4866943359375 446.1862487792969
103 484.8327941894531 369.1827087402344 568.017822265625 448.7749328613281
104 488.1195068359375 372.34027099609375 571.0372314453125 450.46795654296875
105 491.3712463378906 374.2578125 574.4867553710938 452.7169189453125
106 493.9248046875 375.2424011230469 577.8001708984375 455.1433410644531
107 495.8045959472656 375.2092590332031 582.35546875 456.7444152832031
108 497.7489318847656 376.3174133300781 583.1665649414062 458.1260070800781
109 499.6158142089844 376.0638427734375 585.03955078125 458.91107177734375
110 501.8598937988281 375.15093994140625 586.0646362304688 459.7502136230469
111 503.40142822265625 376.0535888671875 585.9461669921875 460.1082763671875
112 504.2739562988281 376.47161865234375 585.1923828125 461.07537841796875
113 504.0189514160156 376.26788330078125 584.6414794921875 460.7726135253906
114 503.4927673339844 375.2147216796875 584.6788330078125 459.843994140625
115 502.3047790527344 374.3455810546875 584.801025390625 459.44775390625
116 500.56939697265625 372.7508239746094 585.600341796875 459.52838134765625
117 498.75689697265625 371.51422119140625 589.1392211914062 459.5739440917969
118 496.3969421386719 368.1689147949219 590.3634643554688 458.2981872558594
119 495.7018127441406 366.90185546875 585.7620239257812 455.774658203125
120 495.6577453613281 366.3230285644531 582.7503051757812 452.9951477050781
121 494.2532653808594 364.3267517089844 580.80419921875 450.1483459472656
122 491.6707458496094 359.0681457519531 578.1878051757812 448.2793884277344
123 493.48230613199814 362.4896793648915 580.5467881848299 450.4720975797449
124 493.48230613199814 362.4896793648915 580.5467881848299 450.4720975797449
125 493.48230613199814 362.4896793648915 580.5467881848299 450.4720975797449
126 493.48230613199814 362.4896793648915 580.5467881848299 450.4720975797449
127 493.48230613199814 362.4896793648915 580.5467881848299 450.4720975797449
128 493.48230613199814 362.4896793648915 580.5467881848299 450.4720975797449
129 493.48230613199814 362.4896793648915 580.5467881848299 450.4720975797449
130 493.48230613199814 362.4896793648915 580.5467881848299 450.4720975797449
131 493.48230613199814 362.4896793648915 580.5467881848299 450.4720975797449
132 493.48230613199814 362.4896793648915 580.5467881848299 450.4720975797449
133 442.4990234375 320.3553466796875 531.384521484375 414.8033447265625
134 437.509033203125 316.53265380859375 530.4654541015625 411.2001953125
135 432.368896484375 317.56658935546875 525.5645751953125 409.68212890625
136 428.51654052734375 317.20263671875 522.5126342773438 408.4040832519531
137 425.75958251953125 314.8165283203125 518.5807495117188 406.59271240234375
138 426.8653259277344 308.4154357910156 525.2244262695312 405.5170593261719
139 428.92120361328125 306.21392822265625 530.0135498046875 404.66387939453125
140 429.8752136230469 306.8281555175781 529.2005004882812 403.6716613769531
141 430.4869079589844 303.3265686035156 532.2518310546875 402.67633056640625
142 430.21356201171875 298.0278015136719 539.9733276367188 401.0506286621094
143 430.0909118652344 297.6528625488281 541.6934204101562 399.8408203125
144 432.8311462402344 301.2915954589844 538.0768432617188 397.1781005859375
145 431.4552511886309 300.5335464314627 538.2364444520715 399.1515966183953
146 431.4552511886309 300.5335464314627 538.2364444520715 399.1515966183953
147 438.4272155761719 299.030029296875 564.7742919921875 395.0311584472656
148 439.61627197265625 299.2962341308594 564.7145385742188 394.6715393066406
149 444.6283264160156 294.018310546875 580.110595703125 394.2829895019531
150 448.5340881347656 290.31829833984375 574.8047485351562 393.9413146972656
151 453.95916748046875 291.65753173828125 561.39404296875 393.4708557128906
152 459.34161376953125 293.7572021484375 557.6416015625 392.92742919921875