262 -1 -1 -1 -1
0 317 410 366 464
1 317 410 366 464
2 317 410 366 464
3 317 410 366 464
4 317 410 366 464
5 317 410 366 464
6 317 410 366 464
7 317 410 366 464
8 317 410 366 464
9 317 410 366 464
10 317 410 366 464
11 317 410 366 464
12 281.8186340332031 348.559326171875 341.4351501464844 406.72216796875
13 283.4625244140625 347.58355712890625 339.7176513671875 402.19366455078125
14 278.2728271484375 340.03338623046875 337.7550048828125 394.74786376953125
15 284.85437393188477 351.7324981689453 342.2363090515137 406.7626190185547
16 284.85437393188477 351.7324981689453 342.2363090515137 406.7626190185547
17 284.85437393188477 351.7324981689453 342.2363090515137 406.7626190185547
18 268.82867431640625 315.95196533203125 329.96893310546875 370.83026123046875
19 276.8415241241455 333.8422317504883 336.1026210784912 388.7964401245117
20 276.8415241241455 333.8422317504883 336.1026210784912 388.7964401245117
21 276.8415241241455 333.8422317504883 336.1026210784912 388.7964401245117
22 276.8415241241455 333.8422317504883 336.1026210784912 388.7964401245117
23 276.8415241241455 333.8422317504883 336.1026210784912 388.7964401245117
24 276.8415241241455 333.8422317504883 336.1026210784912 388.7964401245117
25 276.8415241241455 333.8422317504883 336.1026210784912 388.7964401245117
26 276.8415241241455 333.8422317504883 336.1026210784912 388.7964401245117
27 276.8415241241455 333.8422317504883 336.1026210784912 388.7964401245117
28 276.8415241241455 333.8422317504883 336.1026210784912 388.7964401245117
29 301.26220703125 272.51104736328125 382.9791259765625 342.84417724609375
30 289.05186557769775 303.17663955688477 359.54087352752686 365.82030868530273
31 254.75079345703125 330.84808349609375 323.7115478515625 406.994140625
32 251.5363006591797 338.5224609375 319.86639404296875 414.689208984375
33 251.18655395507812 358.24627685546875 315.1707458496094 429.03045654296875
34 256.4526845216751 343.0068440437317 322.95852410793304 414.78933668136597
35 256.4526845216751 343.0068440437317 322.95852410793304 414.78933668136597
36 256.4526845216751 343.0068440437317 322.95852410793304 414.78933668136597
37 256.4526845216751 343.0068440437317 322.95852410793304 414.78933668136597
38 256.4526845216751 343.0068440437317 322.95852410793304 414.78933668136597
39 256.4526845216751 343.0068440437317 322.95852410793304 414.78933668136597
40 256.4526845216751 343.0068440437317 322.95852410793304 414.78933668136597
41 256.4526845216751 343.0068440437317 322.95852410793304 414.78933668136597
42 256.4526845216751 343.0068440437317 322.95852410793304 414.78933668136597
43 256.4526845216751 343.0068440437317 322.95852410793304 414.78933668136597
44 311.62615966796875 473.6769714355469 364.02471923828125 521.736572265625
45 317.08026123046875 473.03668212890625 371.44683837890625 522.6382446289062
46 324.56732177734375 473.9405517578125 372.65948486328125 520.875732421875
47 330.007080078125 470.79608154296875 380.6358642578125 521.3605346679688
48 336.73486328125 468.70977783203125 385.533935546875 521.7991333007812
49 340.8981628417969 468.71197509765625 389.2403259277344 525.5615844726562
50 334.9541299659759 467.54730761796236 384.216174563393 521.9210381433368
51 349.9716796875 461.69482421875 398.67724609375 512.7010498046875
52 355.8843994140625 456.0877685546875 403.2117919921875 506.9063720703125
53 358.6824951171875 451.29461669921875 405.16827392578125 502.88262939453125
54 362.79583740234375 449.1243896484375 410.621826171875 499.5199279785156
55 364.67852783203125 444.5357360839844 412.95513916015625 494.3118896484375
56 369.8770446777344 440.4395446777344 417.03857421875 487.8076477050781
57 373.8686828613281 436.0246276855469 419.4801025390625 484.5570983886719
58 378.09149169921875 431.8077392578125 423.919189453125 480.6091003417969
59 380.2779846191406 427.8166198730469 426.8849792480469 476.4728698730469
60 383.32763671875 424.4891357421875 430.1914367675781 473.02569580078125
61 386.8385314941406 422.07373046875 432.2530517578125 470.02203369140625
62 389.76177978515625 418.8063049316406 433.8734436035156 466.58624267578125
63 393.372802734375 415.7266540527344 436.27532958984375 462.8533935546875
64 395.3056335449219 412.98919677734375 438.4027404785156 460.2566833496094
65 397.2533874511719 410.17327880859375 440.3831787109375 456.68133544921875
66 399.11077880859375 407.02703857421875 443.3407897949219 454.6220397949219
67 401.1649475097656 404.9795837402344 445.74932861328125 452.7635803222656
68 402.4642028808594 401.9005126953125 448.2378234863281 450.0274658203125
69 400.78160081907765 404.70433187463505 445.7601942899181 452.5339058964255
70 406.112060546875 398.90277099609375 450.5722961425781 446.5336608886719
71 408.80364990234375 396.3367919921875 452.0057067871094 444.4126892089844
72 410.69818115234375 394.0658874511719 453.70184326171875 442.3939208984375
73 412.8195495605469 394.17059326171875 455.4156799316406 440.3449401855469
74 414.8792724609375 393.9065856933594 457.1798095703125 439.463134765625
75 416.4496765136719 393.1702575683594 459.1900939941406 438.11749267578125
76 418.1949157714844 391.9482421875 459.96221923828125 436.5625915527344
77 419.1033935546875 390.87908935546875 461.4040222167969 436.4056396484375
78 419.722900390625 389.18798828125 463.2721252441406 434.9133605957031
79 421.7279052734375 388.8672790527344 465.4597473144531 434.63616943359375
80 423.2485046386719 387.9947814941406 467.41058349609375 434.8379821777344
81 424.46331787109375 387.06817626953125 468.8819885253906 433.82940673828125
82 425.10528564453125 387.65447998046875 469.6204833984375 433.5748291015625
83 426.5731201171875 387.09295654296875 471.3648986816406 433.4773864746094
84 428.1905822753906 387.1390075683594 472.8410339355469 433.219482421875
85 430.5133972167969 387.0428466796875 474.9205017089844 432.5588684082031
86 431.7859802246094 386.53985595703125 477.2524719238281 432.0208740234375
87 433.45843505859375 385.759521484375 479.0015563964844 430.867431640625
88 434.3208312988281 384.564453125 479.4596862792969 429.9570617675781
89 434.7196960449219 383.9436950683594 481.04144287109375 430.3765869140625
90 437.509033203125 383.4249267578125 482.4150390625 429.7079772949219
91 439.55706787109375 381.88934326171875 483.9840393066406 429.17620849609375
92 441.4203796386719 380.92889404296875 485.6159362792969 428.9884338378906
93 443.370361328125 381.4660949707031 487.2459716796875 429.03778076171875
94 444.18408203125 381.6113586425781 489.1609191894531 428.8604431152344
95 445.54595947265625 382.3288879394531 491.56988525390625 428.78741455078125
96 446.7640380859375 383.03515625 492.8367919921875 429.0360412597656
97 449.4591979980469 382.9881896972656 495.0555114746094 429.06109619140625
98 452.3103332519531 380.93841552734375 497.85394287109375 428.92169189453125
99 454.2842102050781 378.6011657714844 500.38922119140625 429.2333068847656
100 454.58856201171875 377.6761474609375 501.4515686035156 429.02178955078125
101 458.54534912109375 378.1377258300781 503.8614807128906 428.3622741699219
102 460.2318115234375 378.47760009765625 505.8285827636719 427.8473205566406
103 462.5340576171875 378.7110290527344 506.7762145996094 426.9175720214844
104 464.8530578613281 378.0895690917969 509.208740234375 427.799560546875
105 467.5092468261719 376.2366943359375 511.79547119140625 426.2256774902344
106 465.0454678608637 377.29344712548885 509.52232636487736 426.96237243743724
107 470.1741943359375 374.33905029296875 516.1196899414062 424.8070068359375
108 470.3240661621094 373.4915466308594 518.6046142578125 422.47064208984375
109 472.3341064453125 373.6519470214844 520.9322509765625 423.3672180175781
110 475.2889099121094 373.99578857421875 523.2861328125 423.4144592285156
111 477.0432434082031 374.7713317871094 525.0946044921875 423.8929443359375
112 478.6846008300781 374.58856201171875 527.0093383789062 423.7005615234375
113 480.8185729980469 374.03485107421875 529.1314697265625 423.4105224609375
114 482.43017578125 372.9472961425781 531.1192626953125 423.1616516113281
115 483.8437194824219 371.750732421875 532.6424560546875 423.13629150390625
116 485.05889892578125 370.5951843261719 534.70263671875 422.954833984375
117 486.80413818359375 369.50830078125 537.3106689453125 422.8167419433594
118 488.74090576171875 369.23724365234375 539.3162841796875 423.0719299316406
119 489.6526794433594 368.91265869140625 540.6019897460938 423.1778564453125
120 490.54913330078125 368.7350769042969 542.149169921875 423.22943115234375
121 491.3880615234375 368.2548828125 543.5293579101562 423.3161926269531
122 492.83209228515625 367.9100341796875 545.3193969726562 423.5701599121094
123 494.40582275390625 367.5360412597656 546.091796875 422.6216735839844
124 495.01995849609375 367.1741943359375 546.9830932617188 422.5903625488281
125 495.07916259765625 367.0621643066406 547.3668823242188 422.4421691894531
126 496.2222595214844 366.28045654296875 548.9810791015625 421.95379638671875
127 496.640380859375 364.796875 550.9356079101562 421.8154602050781
128 497.46014404296875 363.478271484375 553.1527709960938 421.59228515625
129 497.871337890625 362.2771301269531 554.3091430664062 421.2961730957031
130 498.6567077636719 360.95916748046875 555.56689453125 421.1143493652344
131 500.0476989746094 359.97735595703125 557.4483032226562 420.23248291015625
132 501.0428771972656 358.9430847167969 559.5872192382812 420.28826904296875
133 501.9671936035156 358.976318359375 561.1524658203125 418.50250244140625
134 503.7758483886719 359.05865478515625 562.2935180664062 417.61480712890625
135 504.51409912109375 358.9173583984375 563.3460693359375 417.2560119628906
136 504.7364501953125 358.53314208984375 563.9493408203125 417.2926940917969
137 505.05078125 356.61163330078125 565.163330078125 417.2520751953125
138 505.17181396484375 355.1022644042969 565.8832397460938 417.2424621582031
139 506.20989990234375 354.59344482421875 566.863037109375 417.1234130859375
140 507.6859130859375 354.0455322265625 568.7161865234375 416.73516845703125
141 507.7066955566406 353.3327331542969 569.4884033203125 416.9315185546875
142 508.2923278808594 351.8275146484375 571.9308471679688 416.47216796875
143 508.9024353027344 350.8147888183594 574.2578735351562 416.2867126464844
144 510.8691711425781 350.26519775390625 577.2242431640625 416.22027587890625
145 511.6806335449219 349.490234375 579.3464965820312 415.8559875488281
146 512.8467407226562 348.5965881347656 581.1648559570312 415.2664794921875
147 513.5200805664062 347.6795654296875 581.9262084960938 414.8486328125
148 514.7171630859375 346.0360107421875 584.1293334960938 414.0350341796875
149 514.148193359375 342.5859680175781 585.9881591796875 414.2701721191406
150 512.9013061523438 333.88079833984375 592.9351806640625 414.7376403808594
151 513.5833129882812 334.83746337890625 594.5459594726562 414.8672180175781
152 514.7578125 337.968505859375 593.4218139648438 414.2687683105469
153 515.1559448242188 338.9805908203125 592.438720703125 414.3483581542969
154 515.9443359375 339.7989196777344 590.927978515625 413.46435546875
155 516.5025634765625 339.2900695800781 590.688720703125 413.05523681640625
156 515.8976441804803 339.1606435178739 591.1916463242871 413.4998769150547
157 515.8976441804803 339.1606435178739 591.1916463242871 413.4998769150547
158 515.8976441804803 339.1606435178739 591.1916463242871 413.4998769150547
159 515.8976441804803 339.1606435178739 591.1916463242871 413.4998769150547
160 517.4950561523438 335.745849609375 593.34375 411.21881103515625
161 518.612548828125 334.2685241699219 593.9971313476562 410.2985534667969
162 517.6544494972685 335.8608853667732 593.1324147548999 411.3289487209512
163 517.6544494972685 335.8608853667732 593.1324147548999 411.3289487209512
164 517.6544494972685 335.8608853667732 593.1324147548999 411.3289487209512
165 517.6544494972685 335.8608853667732 593.1324147548999 411.3289487209512
166 517.6544494972685 335.8608853667732 593.1324147548999 411.3289487209512
167 517.6544494972685 335.8608853667732 593.1324147548999 411.3289487209512
168 517.6544494972685 335.8608853667732 593.1324147548999 411.3289487209512
169 517.6544494972685 335.8608853667732 593.1324147548999 411.3289487209512
170 513.9468383789062 324.10955810546875 595.1049194335938 404.94854736328125
171 511.85455322265625 320.4413757324219 591.8184814453125 401.7398681640625
172 509.8241882324219 318.1264343261719 588.3296508789062 398.8315124511719
173 506.302490234375 315.578125 586.39208984375 397.8882141113281
174 500.36236572265625 311.3797607421875 586.6475219726562 396.72674560546875
175 496.40716552734375 309.1457824707031 585.9647827148438 395.01690673828125
176 494.0586242675781 307.8828125 582.7197875976562 393.9652404785156
177 495.7745056152344 305.6194152832031 584.4044189453125 393.0829162597656
178 494.27960205078125 298.3909912109375 591.1636962890625 393.17230224609375
179 499.2734375 301.9789733886719 594.0752563476562 393.466796875
180 503.4013366699219 304.6417541503906 594.3333740234375 393.4918518066406
181 504.62530517578125 305.0876159667969 595.3327026367188 392.9529113769531
182 505.4804382324219 299.4317626953125 599.879150390625 393.0882873535156
183 506.62200927734375 299.2171325683594 609.7499389648438 393.5509033203125
184 505.4700012207031 301.97967529296875 614.4293823242188 393.6614074707031
185 510.7898864746094 302.0667419433594 618.5106811523438 393.9278564453125
186 517.7816162109375 302.0375061035156 633.3211059570312 394.3486633300781
187 519.4059448242188 300.97479248046875 645.2142333984375 394.9814147949219
188 522.9976806640625 301.51605224609375 638.1133422851562 395.1737060546875