290 -1 -1 -1 -1
0 205 133 268 192
1 205 133 268 192
2 205 133 268 192
3 205 133 268 192
4 205 133 268 192
5 205 133 268 192
6 205 133 268 192
7 205 133 268 192
8 205 133 268 192
9 205 133 268 192
10 205 133 268 192
11 205 133 268 192
12 205 133 268 192
13 205 133 268 192
14 205 133 268 192
15 205 133 268 192
16 205 133 268 192
17 205 133 268 192
18 205 133 268 192
19 205 133 268 192
20 205 133 268 192
21 205 133 268 192
22 205 133 268 192
23 205 133 268 192
24 205 133 268 192
25 205 133 268 192
26 205 133 268 192
27 205 133 268 192
28 205 133 268 192
29 205 133 268 192
30 205 133 268 192
31 205 133 268 192
32 205 133 268 192
33 205 133 268 192
34 205 133 268 192
35 205 133 268 192
36 205 133 268 192
37 205 133 268 192
38 205 133 268 192
39 205 133 268 192
40 205 133 268 192
41 205 133 268 192
42 205 133 268 192
43 379.52252197265625 458.5247802734375 428.29864501953125 512.1005249023438
44 384.0186462402344 455.42132568359375 433.2271423339844 507.59283447265625
45 338.13995361328125 375.59185791015625 390.688232421875 429.82154846191406
46 338.13995361328125 375.59185791015625 390.688232421875 429.82154846191406
47 338.13995361328125 375.59185791015625 390.688232421875 429.82154846191406
48 401.9416809082031 442.211181640625 450.3163146972656 492.84320068359375
49 405.4886169433594 441.9682312011719 452.2647399902344 489.030517578125
50 409.6866149902344 438.27972412109375 457.5715637207031 485.73236083984375
51 413.7244873046875 435.4630126953125 461.10870361328125 482.5420837402344
52 416.32965087890625 431.8727722167969 463.4630126953125 480.5159912109375
53 420.2196350097656 428.8879089355469 467.1346740722656 478.39801025390625
54 424.05267333984375 427.3040466308594 470.8260803222656 477.19476318359375
55 419.90058636665344 429.065616607666 466.88497519493103 478.4488197565079
56 419.90058636665344 429.065616607666 466.88497519493103 478.4488197565079
57 419.90058636665344 429.065616607666 466.88497519493103 478.4488197565079
58 419.90058636665344 429.065616607666 466.88497519493103 478.4488197565079
59 439.94586181640625 408.2781982421875 489.0638427734375 464.6317138671875
60 441.62884521484375 411.09820556640625 489.43438720703125 462.72698974609375
61 443.13128662109375 411.3432922363281 490.43304443359375 461.23065185546875
62 444.4141540527344 410.0431823730469 494.16845703125 459.3962707519531
63 447.72265625 409.64569091796875 496.12603759765625 456.8639831542969
64 450.85382080078125 409.10870361328125 496.8313293457031 454.9534606933594
65 453.16650390625 407.9858703613281 497.2086486816406 453.2225646972656
66 453.71746826171875 406.30328369140625 499.003662109375 451.6026611328125
67 454.65704345703125 404.07623291015625 502.2342529296875 449.95220947265625
68 457.3410949707031 402.3167724609375 505.89837646484375 448.6210632324219
69 459.4442138671875 400.5479431152344 507.9505920410156 447.69293212890625
70 461.3255310058594 399.0513610839844 509.5304260253906 447.0436706542969
71 463.2501525878906 398.77569580078125 510.6134948730469 445.9137268066406
72 464.7670593261719 398.3077392578125 510.5849304199219 445.0309143066406
73 465.8094177246094 397.3514099121094 511.2431640625 444.37628173828125
74 466.9420471191406 395.9596252441406 513.1521606445312 444.59600830078125
75 467.37628173828125 394.620849609375 514.326171875 444.5964660644531
76 467.798583984375 393.88446044921875 514.7347412109375 443.7320251464844
77 468.5157775878906 393.58685302734375 514.9146728515625 443.3946228027344
78 469.6784362792969 393.390380859375 515.15234375 442.96429443359375
79 470.1073913574219 393.3240966796875 515.2671508789062 442.2328186035156
80 471.4234619140625 394.44219970703125 516.1010131835938 439.71966552734375
81 473.170654296875 394.6805114746094 516.7974243164062 437.5212707519531
82 473.9453125 394.645751953125 517.2481689453125 436.65185546875
83 473.97247314453125 394.5365905761719 517.9304809570312 437.476806640625
84 473.47314453125 392.8759765625 519.3643798828125 439.02313232421875
85 473.6271057128906 392.28839111328125 520.0910034179688 439.50311279296875
86 473.518798828125 391.7865905761719 520.843505859375 439.7386169433594
87 473.3030090332031 391.1233825683594 521.4387817382812 439.27520751953125
88 473.7312927246094 391.7554016113281 521.42822265625 439.09814453125
89 474.9413757324219 390.5577392578125 521.5521850585938 439.0457763671875
90 475.7692565917969 389.5469055175781 523.11279296875 439.0616149902344
91 475.2135314941406 389.4995422363281 524.3740844726562 439.5604553222656
92 475.5730285644531 389.4018859863281 524.4592895507812 439.98370361328125
93 476.7724609375 389.57666015625 524.0588989257812 439.9521789550781
94 477.4205627441406 389.972900390625 523.5406494140625 439.964599609375
95 478.0130615234375 390.6411437988281 525.0947265625 440.2289733886719
96 478.2684631347656 391.30792236328125 525.6882934570312 440.85589599609375
97 478.38385009765625 391.1006164550781 526.4708251953125 440.79595947265625
98 478.1465148925781 391.1116638183594 527.7752685546875 442.6378173828125
99 478.0118713378906 391.268310546875 528.3751831054688 443.7226257324219
100 477.5416259765625 391.4110107421875 528.4932861328125 444.5401916503906
101 477.59088134765625 391.9345397949219 528.8989868164062 444.6985168457031
102 477.8519287109375 392.5992126464844 529.4187622070312 444.8878173828125
103 477.67230224609375 393.5724792480469 529.3247680664062 446.1731262207031
104 479.1246643066406 394.03411865234375 530.4849853515625 447.4647216796875
105 479.802490234375 394.3524169921875 531.3482666015625 448.29669189453125
106 480.29461669921875 393.3040466308594 532.3867797851562 448.52740478515625
107 480.0498962402344 393.01873779296875 532.8045654296875 449.0657043457031
108 481.0452880859375 392.5688171386719 534.1635131835938 449.3984375
109 481.9154968261719 392.1735534667969 535.4111938476562 449.79571533203125
110 482.8565979003906 391.8974304199219 536.8397216796875 450.1920166015625
111 482.3226623535156 391.7373962402344 537.96533203125 451.0748291015625
112 483.4270935058594 392.258544921875 539.8328247070312 451.6696472167969
113 484.65472412109375 393.6081848144531 541.160888671875 452.6626281738281
114 485.90435791015625 393.57452392578125 542.8349609375 453.538818359375
115 488.51739501953125 392.8873291015625 545.4098510742188 453.7132873535156
116 489.8278503417969 392.5491638183594 547.4115600585938 453.99969482421875
117 490.7191467285156 392.7535705566406 548.8950805664062 453.66302490234375
118 492.0297546386719 392.2487487792969 550.6604614257812 454.2876281738281
119 493.7410583496094 391.4202880859375 552.8703002929688 454.5549621582031
120 495.9718933105469 390.6624755859375 555.7914428710938 454.3515625
121 497.0562744140625 390.54180908203125 557.8668823242188 454.7076721191406
122 499.28961181640625 391.2520446777344 560.5200805664062 455.2552490234375
123 500.936279296875 391.3677062988281 563.3961791992188 455.4085693359375
124 503.33056640625 391.3689880371094 565.6988525390625 456.0700988769531
125 505.4747619628906 391.0803527832031 569.0011596679688 456.1974182128906
126 508.2883605957031 390.9645690917969 571.967529296875 456.0799560546875
127 511.244140625 390.7229919433594 574.1201782226562 455.83123779296875
128 513.6849365234375 391.27655029296875 578.2118530273438 456.99462890625
129 515.8984375 389.6826477050781 581.3634033203125 456.767578125
130 518.4403076171875 389.0346374511719 584.9288940429688 456.83203125
131 520.8773193359375 388.9408874511719 588.2838745117188 457.2031555175781
132 523.9744873046875 388.172119140625 591.3345336914062 457.41107177734375
133 526.6511840820312 386.2939147949219 596.3961181640625 457.6506042480469
134 529.23291015625 385.5978698730469 600.339599609375 459.1529541015625
135 532.2593994140625 384.9391174316406 604.3098754882812 459.89556884765625
136 535.0715942382812 385.2033386230469 607.310546875 460.8531494140625
137 537.260986328125 384.9557800292969 611.542236328125 461.4178771972656
138 538.5869140625 385.2528381347656 615.9127197265625 461.21612548828125
139 540.2979736328125 384.7498779296875 619.4061279296875 462.10784912109375
140 541.2981567382812 383.83447265625 621.4839477539062 461.8286437988281
141 546.8505249023438 382.9055480957031 623.5887451171875 461.8693542480469
142 549.0051879882812 382.1822204589844 625.5020141601562 462.1111755371094
143 549.8148803710938 381.53173828125 627.4979248046875 462.2037048339844
144 550.0859375 379.5511474609375 629.6990356445312 462.0598449707031
145 551.427734375 376.546630859375 631.3886108398438 460.2536926269531
146 552.8970336914062 374.0747375488281 632.3199462890625 458.7998046875
147 551.9140014648438 372.3955383300781 633.8663330078125 457.649658203125
148 550.9389038085938 370.6011657714844 635.1129150390625 457.1626892089844
149 550.6372680664062 369.2729187011719 637.2152099609375 455.7912292480469
150 550.3079223632812 368.55889892578125 638.7998657226562 454.6766357421875
151 549.2437133789062 366.8060302734375 640.006591796875 453.47576904296875
152 548.054443359375 363.7663879394531 640.3389282226562 451.9515075683594
153 546.9522705078125 359.7815856933594 639.0706787109375 449.3240661621094
154 546.9625244140625 356.9637451171875 637.7594604492188 448.180419921875
155 544.6843872070312 354.9903564453125 636.6040649414062 447.7600402832031
156 543.20654296875 353.53350830078125 636.176513671875 447.0431213378906
157 541.939208984375 352.0914611816406 635.5280151367188 446.1039123535156
158 540.7900390625 350.4871520996094 635.3175659179688 445.40167236328125
159 539.901123046875 346.55364990234375 634.4879760742188 443.3968505859375
160 537.9750366210938 342.780029296875 633.2424926757812 440.3114013671875
161 535.3935546875 339.567626953125 631.684326171875 438.5075988769531
162 533.1683349609375 336.6185607910156 628.87744140625 436.2955627441406
163 530.400634765625 334.7065124511719 625.0250854492188 434.367431640625
164 525.3395385742188 331.0350646972656 622.9231567382812 432.2372131347656
165 522.75341796875 326.6439208984375 620.7063598632812 430.10498046875
166 520.3805541992188 323.5704345703125 618.5230712890625 429.63665771484375
167 517.29443359375 321.7326965332031 616.8766479492188 428.1728820800781
168 514.1595458984375 319.486572265625 616.0811767578125 424.50665283203125
169 510.9010009765625 315.2351379394531 614.4295654296875 419.63653564453125
170 507.72540283203125 311.5779113769531 613.8389892578125 417.039794921875
171 504.8271789550781 308.2044372558594 611.9926147460938 414.3636169433594
172 502.1138610839844 304.94903564453125 610.82177734375 412.5226135253906
173 500.045166015625 300.9616394042969 609.8132934570312 409.0849609375
174 495.83905029296875 294.6470031738281 606.9439697265625 404.80413818359375
175 492.2742004394531 288.69622802734375 604.0936279296875 403.8735656738281
176 489.5146484375 284.5455322265625 602.3603515625 399.5624084472656
177 486.20928955078125 279.2081298828125 600.7908935546875 395.453125
178 485.26934814453125 276.0205993652344 600.7359008789062 392.2071533203125
179 484.47161865234375 271.6373596191406 603.8102416992188 390.9956359863281
180 486.60125732421875 268.59393310546875 609.3778076171875 387.3348693847656
181 488.476806640625 263.4909973144531 614.5971069335938 384.17413330078125
182 485.9017333984375 258.8268737792969 614.2303466796875 382.1756591796875
183 480.8877258300781 254.68804931640625 615.0690307617188 381.0322570800781
184 483.7494201660156 250.57598876953125 617.6284790039062 378.0751953125
185 485.87005615234375 246.89125061035156 617.8934326171875 376.2306213378906
186 486.4494934082031 244.9110870361328 621.84521484375 375.6169738769531
187 486.2553405761719 240.90966796875 624.611572265625 374.87054443359375
188 487.2142333984375 239.6027069091797 626.68505859375 373.1916809082031
189 486.64825439453125 237.71788024902344 630.853271484375 373.7751770019531
190 486.4317932128906 236.2937774658203 632.7591552734375 372.67779541015625
191 484.6947937011719 235.58360290527344 627.6248779296875 370.735107421875
192 479.7381896972656 234.84039306640625 625.4632568359375 369.3028259277344
193 475.402099609375 234.47219848632812 620.7482299804688 368.2015075683594
194 474.41168212890625 233.9246826171875 617.1598510742188 366.46484375
195 472.38873291015625 232.70054626464844 613.6786499023438 365.25958251953125
196 469.53387451171875 231.69041442871094 611.4588012695312 363.1286926269531
197 472.0453027563388 232.65513351162204 614.2896361123255 364.8681192678338
198 466.81768798828125 225.66896057128906 609.361083984375 362.396484375
199 461.1453857421875 223.45970153808594 604.3035888671875 361.3509216308594
200 459.5780334472656 222.79737854003906 600.5984497070312 361.6654968261719
201 460.23382568359375 223.24244689941406 599.7734375 361.5975341796875
202 459.4729919433594 227.86216735839844 598.7747192382812 362.0814514160156
203 460.84912109375 232.43544006347656 595.6219482421875 362.3111572265625
204 620.797119140625 296.68438720703125 693.5748291015625 360.74847412109375
205 540.7116552545356 262.9211103713295 645.7962977400133 361.4419633226796
206 540.7116552545356 262.9211103713295 645.7962977400133 361.4419633226796
207 540.7116552545356 262.9211103713295 645.7962977400133 361.4419633226796